Date,price,zone
5/1/2018 12:00:00 AM,21.85000,PGAE
5/1/2018 12:00:00 AM,21.66701,SCE
5/1/2018 12:00:00 AM,22.22470,SDGE
5/1/2018 12:00:00 AM,21.16161,VEA
5/1/2018 1:00:00 AM,16.39020,PGAE
5/1/2018 1:00:00 AM,16.17984,SCE
5/1/2018 1:00:00 AM,16.63806,SDGE
5/1/2018 1:00:00 AM,15.82760,VEA
5/1/2018 2:00:00 AM,12.50000,PGAE
5/1/2018 2:00:00 AM,12.30011,SCE
5/1/2018 2:00:00 AM,12.65147,SDGE
5/1/2018 2:00:00 AM,12.03566,VEA
5/1/2018 3:00:00 AM,12.38000,PGAE
5/1/2018 3:00:00 AM,12.18326,SCE
5/1/2018 3:00:00 AM,12.52387,SDGE
5/1/2018 3:00:00 AM,11.93979,VEA
5/1/2018 4:00:00 AM,17.83178,PGAE
5/1/2018 4:00:00 AM,17.63645,SCE
5/1/2018 4:00:00 AM,18.13188,SDGE
5/1/2018 4:00:00 AM,17.27065,VEA
5/1/2018 5:00:00 AM,33.34823,PGAE
5/1/2018 5:00:00 AM,32.98950,SCE
5/1/2018 5:00:00 AM,33.90292,SDGE
5/1/2018 5:00:00 AM,32.15579,VEA
5/1/2018 6:00:00 AM,40.13133,PGAE
5/1/2018 6:00:00 AM,40.58598,SCE
5/1/2018 6:00:00 AM,50.98000,SDGE
5/1/2018 6:00:00 AM,36.35995,VEA
5/1/2018 7:00:00 AM,32.63149,PGAE
5/1/2018 7:00:00 AM,32.44129,SCE
5/1/2018 7:00:00 AM,63.41345,SDGE
5/1/2018 7:00:00 AM,30.16936,VEA
5/1/2018 8:00:00 AM,27.59632,PGAE
5/1/2018 8:00:00 AM,26.32829,SCE
5/1/2018 8:00:00 AM,49.00128,SDGE
5/1/2018 8:00:00 AM,25.52478,VEA
5/1/2018 9:00:00 AM,19.77456,PGAE
5/1/2018 9:00:00 AM,26.90000,SCE
5/1/2018 9:00:00 AM,32.64220,SDGE
5/1/2018 9:00:00 AM,17.03660,VEA
5/1/2018 10:00:00 AM,17.17533,PGAE
5/1/2018 10:00:00 AM,25.31000,SCE
5/1/2018 10:00:00 AM,34.66696,SDGE
5/1/2018 10:00:00 AM,14.47330,VEA
5/1/2018 11:00:00 AM,15.53661,PGAE
5/1/2018 11:00:00 AM,27.82516,SCE
5/1/2018 11:00:00 AM,32.82486,SDGE
5/1/2018 11:00:00 AM,12.55722,VEA
5/1/2018 12:00:00 PM,15.27321,PGAE
5/1/2018 12:00:00 PM,22.57000,SCE
5/1/2018 12:00:00 PM,31.38250,SDGE
5/1/2018 12:00:00 PM,13.01330,VEA
5/1/2018 1:00:00 PM,15.37401,PGAE
5/1/2018 1:00:00 PM,24.28719,SCE
5/1/2018 1:00:00 PM,31.62766,SDGE
5/1/2018 1:00:00 PM,12.92160,VEA
5/1/2018 2:00:00 PM,15.67855,PGAE
5/1/2018 2:00:00 PM,22.71000,SCE
5/1/2018 2:00:00 PM,29.11456,SDGE
5/1/2018 2:00:00 PM,13.45749,VEA
5/1/2018 3:00:00 PM,17.18775,PGAE
5/1/2018 3:00:00 PM,16.55754,SCE
5/1/2018 3:00:00 PM,29.48940,SDGE
5/1/2018 3:00:00 PM,15.96703,VEA
5/1/2018 4:00:00 PM,24.32923,PGAE
5/1/2018 4:00:00 PM,23.53692,SCE
5/1/2018 4:00:00 PM,42.72372,SDGE
5/1/2018 4:00:00 PM,22.61053,VEA
5/1/2018 5:00:00 PM,28.12419,PGAE
5/1/2018 5:00:00 PM,27.50086,SCE
5/1/2018 5:00:00 PM,44.40299,SDGE
5/1/2018 5:00:00 PM,26.52497,VEA
5/1/2018 6:00:00 PM,33.05151,PGAE
5/1/2018 6:00:00 PM,32.76940,SCE
5/1/2018 6:00:00 PM,59.99001,SDGE
5/1/2018 6:00:00 PM,31.80358,VEA
5/1/2018 7:00:00 PM,41.11637,PGAE
5/1/2018 7:00:00 PM,50.28247,SCE
5/1/2018 7:00:00 PM,57.38688,SDGE
5/1/2018 7:00:00 PM,41.57090,VEA
5/1/2018 8:00:00 PM,49.98016,PGAE
5/1/2018 8:00:00 PM,61.38304,SCE
5/1/2018 8:00:00 PM,64.93000,SDGE
5/1/2018 8:00:00 PM,46.51133,VEA
5/1/2018 9:00:00 PM,38.84068,PGAE
5/1/2018 9:00:00 PM,49.64809,SCE
5/1/2018 9:00:00 PM,51.86174,SDGE
5/1/2018 9:00:00 PM,41.10568,VEA
5/1/2018 10:00:00 PM,26.53109,PGAE
5/1/2018 10:00:00 PM,36.75128,SCE
5/1/2018 10:00:00 PM,37.38553,SDGE
5/1/2018 10:00:00 PM,35.12443,VEA
5/1/2018 11:00:00 PM,25.11268,PGAE
5/1/2018 11:00:00 PM,26.60550,SCE
5/1/2018 11:00:00 PM,27.27812,SDGE
5/1/2018 11:00:00 PM,25.89250,VEA
5/2/2018 12:00:00 AM,16.87049,PGAE
5/2/2018 12:00:00 AM,21.45372,SCE
5/2/2018 12:00:00 AM,21.89915,SDGE
5/2/2018 12:00:00 AM,20.71378,VEA
5/2/2018 1:00:00 AM,16.39000,PGAE
5/2/2018 1:00:00 AM,18.45310,SCE
5/2/2018 1:00:00 AM,19.27718,SDGE
5/2/2018 1:00:00 AM,17.88003,VEA
5/2/2018 2:00:00 AM,15.12766,PGAE
5/2/2018 2:00:00 AM,15.34679,SCE
5/2/2018 2:00:00 AM,15.95583,SDGE
5/2/2018 2:00:00 AM,14.99216,VEA
5/2/2018 3:00:00 AM,14.86769,PGAE
5/2/2018 3:00:00 AM,14.78876,SCE
5/2/2018 3:00:00 AM,15.31870,SDGE
5/2/2018 3:00:00 AM,14.47149,VEA
5/2/2018 4:00:00 AM,17.83000,PGAE
5/2/2018 4:00:00 AM,19.13875,SCE
5/2/2018 4:00:00 AM,19.88646,SDGE
5/2/2018 4:00:00 AM,18.61863,VEA
5/2/2018 5:00:00 AM,31.39337,PGAE
5/2/2018 5:00:00 AM,31.10243,SCE
5/2/2018 5:00:00 AM,31.92519,SDGE
5/2/2018 5:00:00 AM,30.32346,VEA
5/2/2018 6:00:00 AM,39.68259,PGAE
5/2/2018 6:00:00 AM,39.59688,SCE
5/2/2018 6:00:00 AM,45.28912,SDGE
5/2/2018 6:00:00 AM,35.42051,VEA
5/2/2018 7:00:00 AM,31.04368,PGAE
5/2/2018 7:00:00 AM,31.53770,SCE
5/2/2018 7:00:00 AM,58.99328,SDGE
5/2/2018 7:00:00 AM,28.21352,VEA
5/2/2018 8:00:00 AM,27.81280,PGAE
5/2/2018 8:00:00 AM,28.29207,SCE
5/2/2018 8:00:00 AM,49.89854,SDGE
5/2/2018 8:00:00 AM,25.80963,VEA
5/2/2018 9:00:00 AM,25.82816,PGAE
5/2/2018 9:00:00 AM,29.38000,SCE
5/2/2018 9:00:00 AM,46.16000,SDGE
5/2/2018 9:00:00 AM,22.74357,VEA
5/2/2018 10:00:00 AM,24.44063,PGAE
5/2/2018 10:00:00 AM,27.96000,SCE
5/2/2018 10:00:00 AM,44.32000,SDGE
5/2/2018 10:00:00 AM,21.75933,VEA
5/2/2018 11:00:00 AM,20.64148,PGAE
5/2/2018 11:00:00 AM,34.56422,SCE
5/2/2018 11:00:00 AM,37.70000,SDGE
5/2/2018 11:00:00 AM,17.11665,VEA
5/2/2018 12:00:00 PM,19.39325,PGAE
5/2/2018 12:00:00 PM,24.74696,SCE
5/2/2018 12:00:00 PM,33.50969,SDGE
5/2/2018 12:00:00 PM,17.01530,VEA
5/2/2018 1:00:00 PM,19.06735,PGAE
5/2/2018 1:00:00 PM,26.71000,SCE
5/2/2018 1:00:00 PM,34.15677,SDGE
5/2/2018 1:00:00 PM,16.66703,VEA
5/2/2018 2:00:00 PM,18.56703,PGAE
5/2/2018 2:00:00 PM,22.71231,SCE
5/2/2018 2:00:00 PM,31.12168,SDGE
5/2/2018 2:00:00 PM,16.62611,VEA
5/2/2018 3:00:00 PM,16.94516,PGAE
5/2/2018 3:00:00 PM,21.42519,SCE
5/2/2018 3:00:00 PM,29.12000,SDGE
5/2/2018 3:00:00 PM,15.15813,VEA
5/2/2018 4:00:00 PM,21.26710,PGAE
5/2/2018 4:00:00 PM,20.76194,SCE
5/2/2018 4:00:00 PM,34.78845,SDGE
5/2/2018 4:00:00 PM,20.14734,VEA
5/2/2018 5:00:00 PM,26.69002,PGAE
5/2/2018 5:00:00 PM,26.58837,SCE
5/2/2018 5:00:00 PM,43.08000,SDGE
5/2/2018 5:00:00 PM,24.86245,VEA
5/2/2018 6:00:00 PM,30.84599,PGAE
5/2/2018 6:00:00 PM,30.73703,SCE
5/2/2018 6:00:00 PM,54.61590,SDGE
5/2/2018 6:00:00 PM,29.09053,VEA
5/2/2018 7:00:00 PM,47.42193,PGAE
5/2/2018 7:00:00 PM,52.19066,SCE
5/2/2018 7:00:00 PM,65.48728,SDGE
5/2/2018 7:00:00 PM,29.69424,VEA
5/2/2018 8:00:00 PM,58.99962,PGAE
5/2/2018 8:00:00 PM,64.02717,SCE
5/2/2018 8:00:00 PM,70.65000,SDGE
5/2/2018 8:00:00 PM,31.70873,VEA
5/2/2018 9:00:00 PM,43.64499,PGAE
5/2/2018 9:00:00 PM,49.24273,SCE
5/2/2018 9:00:00 PM,51.22000,SDGE
5/2/2018 9:00:00 PM,30.48724,VEA
5/2/2018 10:00:00 PM,30.44599,PGAE
5/2/2018 10:00:00 PM,33.75945,SCE
5/2/2018 10:00:00 PM,37.21000,SDGE
5/2/2018 10:00:00 PM,22.51757,VEA
5/2/2018 11:00:00 PM,22.08762,PGAE
5/2/2018 11:00:00 PM,21.38355,SCE
5/2/2018 11:00:00 PM,50.73161,SDGE
5/2/2018 11:00:00 PM,20.84031,VEA
5/3/2018 12:00:00 AM,19.01241,PGAE
5/3/2018 12:00:00 AM,18.80394,SCE
5/3/2018 12:00:00 AM,19.97444,SDGE
5/3/2018 12:00:00 AM,18.28277,VEA
5/3/2018 1:00:00 AM,16.30345,PGAE
5/3/2018 1:00:00 AM,16.19748,SCE
5/3/2018 1:00:00 AM,36.28669,SDGE
5/3/2018 1:00:00 AM,15.78500,VEA
5/3/2018 2:00:00 AM,14.53600,PGAE
5/3/2018 2:00:00 AM,14.42996,SCE
5/3/2018 2:00:00 AM,31.86000,SDGE
5/3/2018 2:00:00 AM,14.07699,VEA
5/3/2018 3:00:00 AM,14.59472,PGAE
5/3/2018 3:00:00 AM,14.50715,SCE
5/3/2018 3:00:00 AM,15.55700,SDGE
5/3/2018 3:00:00 AM,14.14812,VEA
5/3/2018 4:00:00 AM,17.87068,PGAE
5/3/2018 4:00:00 AM,17.81697,SCE
5/3/2018 4:00:00 AM,37.71913,SDGE
5/3/2018 4:00:00 AM,17.36049,VEA
5/3/2018 5:00:00 AM,33.76450,PGAE
5/3/2018 5:00:00 AM,33.80281,SCE
5/3/2018 5:00:00 AM,47.80000,SDGE
5/3/2018 5:00:00 AM,28.90457,VEA
5/3/2018 6:00:00 AM,45.01731,PGAE
5/3/2018 6:00:00 AM,46.21753,SCE
5/3/2018 6:00:00 AM,53.10433,SDGE
5/3/2018 6:00:00 AM,29.56291,VEA
5/3/2018 7:00:00 AM,29.24000,PGAE
5/3/2018 7:00:00 AM,30.07078,SCE
5/3/2018 7:00:00 AM,54.18784,SDGE
5/3/2018 7:00:00 AM,26.72559,VEA
5/3/2018 8:00:00 AM,23.38061,PGAE
5/3/2018 8:00:00 AM,24.15768,SCE
5/3/2018 8:00:00 AM,49.73645,SDGE
5/3/2018 8:00:00 AM,20.82765,VEA
5/3/2018 9:00:00 AM,21.56505,PGAE
5/3/2018 9:00:00 AM,22.18771,SCE
5/3/2018 9:00:00 AM,47.46901,SDGE
5/3/2018 9:00:00 AM,18.56993,VEA
5/3/2018 10:00:00 AM,16.93047,PGAE
5/3/2018 10:00:00 AM,18.16267,SCE
5/3/2018 10:00:00 AM,43.94422,SDGE
5/3/2018 10:00:00 AM,14.12366,VEA
5/3/2018 11:00:00 AM,16.59254,PGAE
5/3/2018 11:00:00 AM,26.49820,SCE
5/3/2018 11:00:00 AM,37.78191,SDGE
5/3/2018 11:00:00 AM,12.97057,VEA
5/3/2018 12:00:00 PM,15.61583,PGAE
5/3/2018 12:00:00 PM,16.93045,SCE
5/3/2018 12:00:00 PM,35.82249,SDGE
5/3/2018 12:00:00 PM,13.40174,VEA
5/3/2018 1:00:00 PM,15.87657,PGAE
5/3/2018 1:00:00 PM,22.37250,SCE
5/3/2018 1:00:00 PM,36.11000,SDGE
5/3/2018 1:00:00 PM,12.87181,VEA
5/3/2018 2:00:00 PM,16.19512,PGAE
5/3/2018 2:00:00 PM,23.32114,SCE
5/3/2018 2:00:00 PM,34.12000,SDGE
5/3/2018 2:00:00 PM,13.26260,VEA
5/3/2018 3:00:00 PM,17.31746,PGAE
5/3/2018 3:00:00 PM,25.47917,SCE
5/3/2018 3:00:00 PM,36.18718,SDGE
5/3/2018 3:00:00 PM,14.24694,VEA
5/3/2018 4:00:00 PM,17.52128,PGAE
5/3/2018 4:00:00 PM,24.35674,SCE
5/3/2018 4:00:00 PM,39.51000,SDGE
5/3/2018 4:00:00 PM,14.24342,VEA
5/3/2018 5:00:00 PM,24.02411,PGAE
5/3/2018 5:00:00 PM,28.70510,SCE
5/3/2018 5:00:00 PM,45.33647,SDGE
5/3/2018 5:00:00 PM,20.89647,VEA
5/3/2018 6:00:00 PM,33.41830,PGAE
5/3/2018 6:00:00 PM,33.21797,SCE
5/3/2018 6:00:00 PM,53.18787,SDGE
5/3/2018 6:00:00 PM,27.74851,VEA
5/3/2018 7:00:00 PM,43.35435,PGAE
5/3/2018 7:00:00 PM,54.06501,SCE
5/3/2018 7:00:00 PM,66.11740,SDGE
5/3/2018 7:00:00 PM,38.03495,VEA
5/3/2018 8:00:00 PM,59.32750,PGAE
5/3/2018 8:00:00 PM,69.90858,SCE
5/3/2018 8:00:00 PM,76.15057,SDGE
5/3/2018 8:00:00 PM,43.14659,VEA
5/3/2018 9:00:00 PM,46.17857,PGAE
5/3/2018 9:00:00 PM,53.26400,SCE
5/3/2018 9:00:00 PM,59.13943,SDGE
5/3/2018 9:00:00 PM,35.32612,VEA
5/3/2018 10:00:00 PM,33.54359,PGAE
5/3/2018 10:00:00 PM,41.73563,SCE
5/3/2018 10:00:00 PM,45.68511,SDGE
5/3/2018 10:00:00 PM,28.14796,VEA
5/3/2018 11:00:00 PM,28.97519,PGAE
5/3/2018 11:00:00 PM,29.30646,SCE
5/3/2018 11:00:00 PM,49.65810,SDGE
5/3/2018 11:00:00 PM,28.42659,VEA
5/4/2018 12:00:00 AM,22.77609,PGAE
5/4/2018 12:00:00 AM,22.15210,SCE
5/4/2018 12:00:00 AM,26.17000,SDGE
5/4/2018 12:00:00 AM,21.64119,VEA
5/4/2018 1:00:00 AM,19.82193,PGAE
5/4/2018 1:00:00 AM,19.29789,SCE
5/4/2018 1:00:00 AM,21.43442,SDGE
5/4/2018 1:00:00 AM,18.87827,VEA
5/4/2018 2:00:00 AM,18.49881,PGAE
5/4/2018 2:00:00 AM,17.98332,SCE
5/4/2018 2:00:00 AM,20.83691,SDGE
5/4/2018 2:00:00 AM,17.59934,VEA
5/4/2018 3:00:00 AM,17.98207,PGAE
5/4/2018 3:00:00 AM,17.66487,SCE
5/4/2018 3:00:00 AM,33.63000,SDGE
5/4/2018 3:00:00 AM,17.28797,VEA
5/4/2018 4:00:00 AM,19.67813,PGAE
5/4/2018 4:00:00 AM,19.19896,SCE
5/4/2018 4:00:00 AM,25.48473,SDGE
5/4/2018 4:00:00 AM,18.76998,VEA
5/4/2018 5:00:00 AM,35.94044,PGAE
5/4/2018 5:00:00 AM,35.88887,SCE
5/4/2018 5:00:00 AM,44.24493,SDGE
5/4/2018 5:00:00 AM,26.70440,VEA
5/4/2018 6:00:00 AM,45.40718,PGAE
5/4/2018 6:00:00 AM,46.14767,SCE
5/4/2018 6:00:00 AM,56.29201,SDGE
5/4/2018 6:00:00 AM,32.99644,VEA
5/4/2018 7:00:00 AM,27.45569,PGAE
5/4/2018 7:00:00 AM,27.73613,SCE
5/4/2018 7:00:00 AM,45.24245,SDGE
5/4/2018 7:00:00 AM,25.16407,VEA
5/4/2018 8:00:00 AM,17.53981,PGAE
5/4/2018 8:00:00 AM,18.42646,SCE
5/4/2018 8:00:00 AM,42.05000,SDGE
5/4/2018 8:00:00 AM,14.82637,VEA
5/4/2018 9:00:00 AM,15.08000,PGAE
5/4/2018 9:00:00 AM,19.12410,SCE
5/4/2018 9:00:00 AM,42.76226,SDGE
5/4/2018 9:00:00 AM,11.70463,VEA
5/4/2018 10:00:00 AM,14.12660,PGAE
5/4/2018 10:00:00 AM,21.51000,SCE
5/4/2018 10:00:00 AM,44.13123,SDGE
5/4/2018 10:00:00 AM,10.09935,VEA
5/4/2018 11:00:00 AM,14.68874,PGAE
5/4/2018 11:00:00 AM,23.69470,SCE
5/4/2018 11:00:00 AM,39.72414,SDGE
5/4/2018 11:00:00 AM,10.38212,VEA
5/4/2018 12:00:00 PM,14.61654,PGAE
5/4/2018 12:00:00 PM,18.64558,SCE
5/4/2018 12:00:00 PM,40.68112,SDGE
5/4/2018 12:00:00 PM,11.41883,VEA
5/4/2018 1:00:00 PM,15.92989,PGAE
5/4/2018 1:00:00 PM,25.81760,SCE
5/4/2018 1:00:00 PM,42.13470,SDGE
5/4/2018 1:00:00 PM,11.49916,VEA
5/4/2018 2:00:00 PM,19.36710,PGAE
5/4/2018 2:00:00 PM,28.98337,SCE
5/4/2018 2:00:00 PM,43.13616,SDGE
5/4/2018 2:00:00 PM,15.21911,VEA
5/4/2018 3:00:00 PM,22.68007,PGAE
5/4/2018 3:00:00 PM,30.12196,SCE
5/4/2018 3:00:00 PM,48.99000,SDGE
5/4/2018 3:00:00 PM,18.44235,VEA
5/4/2018 4:00:00 PM,24.19512,PGAE
5/4/2018 4:00:00 PM,31.54311,SCE
5/4/2018 4:00:00 PM,49.04000,SDGE
5/4/2018 4:00:00 PM,19.04216,VEA
5/4/2018 5:00:00 PM,28.98508,PGAE
5/4/2018 5:00:00 PM,36.02918,SCE
5/4/2018 5:00:00 PM,53.14467,SDGE
5/4/2018 5:00:00 PM,24.16910,VEA
5/4/2018 6:00:00 PM,44.40478,PGAE
5/4/2018 6:00:00 PM,45.25675,SCE
5/4/2018 6:00:00 PM,55.02221,SDGE
5/4/2018 6:00:00 PM,38.00988,VEA
5/4/2018 7:00:00 PM,53.81115,PGAE
5/4/2018 7:00:00 PM,62.57099,SCE
5/4/2018 7:00:00 PM,76.22529,SDGE
5/4/2018 7:00:00 PM,42.06421,VEA
5/4/2018 8:00:00 PM,66.67099,PGAE
5/4/2018 8:00:00 PM,82.26717,SCE
5/4/2018 8:00:00 PM,87.77463,SDGE
5/4/2018 8:00:00 PM,53.28608,VEA
5/4/2018 9:00:00 PM,42.96206,PGAE
5/4/2018 9:00:00 PM,47.52183,SCE
5/4/2018 9:00:00 PM,49.72376,SDGE
5/4/2018 9:00:00 PM,40.44627,VEA
5/4/2018 10:00:00 PM,31.85497,PGAE
5/4/2018 10:00:00 PM,34.86039,SCE
5/4/2018 10:00:00 PM,35.73793,SDGE
5/4/2018 10:00:00 PM,33.63591,VEA
5/4/2018 11:00:00 PM,31.22002,PGAE
5/4/2018 11:00:00 PM,31.08468,SCE
5/4/2018 11:00:00 PM,32.41565,SDGE
5/4/2018 11:00:00 PM,30.16209,VEA
5/5/2018 12:00:00 AM,22.48315,PGAE
5/5/2018 12:00:00 AM,32.99000,SCE
5/5/2018 12:00:00 AM,33.14197,SDGE
5/5/2018 12:00:00 AM,31.51960,VEA
5/5/2018 1:00:00 AM,19.18000,PGAE
5/5/2018 1:00:00 AM,26.90779,SCE
5/5/2018 1:00:00 AM,27.26449,SDGE
5/5/2018 1:00:00 AM,25.81094,VEA
5/5/2018 2:00:00 AM,18.20834,PGAE
5/5/2018 2:00:00 AM,23.52458,SCE
5/5/2018 2:00:00 AM,23.88342,SDGE
5/5/2018 2:00:00 AM,22.67649,VEA
5/5/2018 3:00:00 AM,18.03424,PGAE
5/5/2018 3:00:00 AM,23.93269,SCE
5/5/2018 3:00:00 AM,24.31719,SDGE
5/5/2018 3:00:00 AM,23.03830,VEA
5/5/2018 4:00:00 AM,18.13000,PGAE
5/5/2018 4:00:00 AM,22.25924,SCE
5/5/2018 4:00:00 AM,22.69000,SDGE
5/5/2018 4:00:00 AM,21.52371,VEA
5/5/2018 5:00:00 AM,25.78326,PGAE
5/5/2018 5:00:00 AM,25.56897,SCE
5/5/2018 5:00:00 AM,26.24356,SDGE
5/5/2018 5:00:00 AM,24.98330,VEA
5/5/2018 6:00:00 AM,25.60055,PGAE
5/5/2018 6:00:00 AM,28.91467,SCE
5/5/2018 6:00:00 AM,31.73517,SDGE
5/5/2018 6:00:00 AM,27.66425,VEA
5/5/2018 7:00:00 AM,17.14724,PGAE
5/5/2018 7:00:00 AM,17.04307,SCE
5/5/2018 7:00:00 AM,28.10000,SDGE
5/5/2018 7:00:00 AM,16.46785,VEA
5/5/2018 8:00:00 AM,9.61000,PGAE
5/5/2018 8:00:00 AM,9.57757,SCE
5/5/2018 8:00:00 AM,21.39472,SDGE
5/5/2018 8:00:00 AM,8.72304,VEA
5/5/2018 9:00:00 AM,9.62006,PGAE
5/5/2018 9:00:00 AM,9.52346,SCE
5/5/2018 9:00:00 AM,22.44973,SDGE
5/5/2018 9:00:00 AM,8.66176,VEA
5/5/2018 10:00:00 AM,10.00512,PGAE
5/5/2018 10:00:00 AM,9.91240,SCE
5/5/2018 10:00:00 AM,22.47296,SDGE
5/5/2018 10:00:00 AM,9.00542,VEA
5/5/2018 11:00:00 AM,12.69920,PGAE
5/5/2018 11:00:00 AM,15.08918,SCE
5/5/2018 11:00:00 AM,26.92474,SDGE
5/5/2018 11:00:00 AM,11.41765,VEA
5/5/2018 12:00:00 PM,14.86196,PGAE
5/5/2018 12:00:00 PM,18.22054,SCE
5/5/2018 12:00:00 PM,25.65090,SDGE
5/5/2018 12:00:00 PM,13.47550,VEA
5/5/2018 1:00:00 PM,16.75192,PGAE
5/5/2018 1:00:00 PM,29.65114,SCE
5/5/2018 1:00:00 PM,30.44631,SDGE
5/5/2018 1:00:00 PM,14.23678,VEA
5/5/2018 2:00:00 PM,19.38712,PGAE
5/5/2018 2:00:00 PM,42.88261,SCE
5/5/2018 2:00:00 PM,44.56600,SDGE
5/5/2018 2:00:00 PM,15.90343,VEA
5/5/2018 3:00:00 PM,21.34701,PGAE
5/5/2018 3:00:00 PM,44.50511,SCE
5/5/2018 3:00:00 PM,40.94074,SDGE
5/5/2018 3:00:00 PM,17.75339,VEA
5/5/2018 4:00:00 PM,22.44678,PGAE
5/5/2018 4:00:00 PM,45.15626,SCE
5/5/2018 4:00:00 PM,47.04661,SDGE
5/5/2018 4:00:00 PM,18.80922,VEA
5/5/2018 5:00:00 PM,29.04918,PGAE
5/5/2018 5:00:00 PM,38.69294,SCE
5/5/2018 5:00:00 PM,52.20104,SDGE
5/5/2018 5:00:00 PM,26.72959,VEA
5/5/2018 6:00:00 PM,42.59155,PGAE
5/5/2018 6:00:00 PM,47.70286,SCE
5/5/2018 6:00:00 PM,73.04663,SDGE
5/5/2018 6:00:00 PM,40.38331,VEA
5/5/2018 7:00:00 PM,51.34575,PGAE
5/5/2018 7:00:00 PM,65.66988,SCE
5/5/2018 7:00:00 PM,69.07864,SDGE
5/5/2018 7:00:00 PM,59.76659,VEA
5/5/2018 8:00:00 PM,61.01006,PGAE
5/5/2018 8:00:00 PM,78.24304,SCE
5/5/2018 8:00:00 PM,81.00000,SDGE
5/5/2018 8:00:00 PM,64.88673,VEA
5/5/2018 9:00:00 PM,38.27152,PGAE
5/5/2018 9:00:00 PM,46.23456,SCE
5/5/2018 9:00:00 PM,47.33780,SDGE
5/5/2018 9:00:00 PM,44.43519,VEA
5/5/2018 10:00:00 PM,25.83811,PGAE
5/5/2018 10:00:00 PM,36.79365,SCE
5/5/2018 10:00:00 PM,37.14008,SDGE
5/5/2018 10:00:00 PM,35.08658,VEA
5/5/2018 11:00:00 PM,22.06485,PGAE
5/5/2018 11:00:00 PM,30.22157,SCE
5/5/2018 11:00:00 PM,30.50969,SDGE
5/5/2018 11:00:00 PM,28.90971,VEA
5/6/2018 12:00:00 AM,20.96332,PGAE
5/6/2018 12:00:00 AM,30.66173,SCE
5/6/2018 12:00:00 AM,30.69560,SDGE
5/6/2018 12:00:00 AM,29.36438,VEA
5/6/2018 1:00:00 AM,16.03000,PGAE
5/6/2018 1:00:00 AM,26.00758,SCE
5/6/2018 1:00:00 AM,26.06748,SDGE
5/6/2018 1:00:00 AM,24.80624,VEA
5/6/2018 2:00:00 AM,13.62435,PGAE
5/6/2018 2:00:00 AM,27.10694,SCE
5/6/2018 2:00:00 AM,27.16347,SDGE
5/6/2018 2:00:00 AM,25.71451,VEA
5/6/2018 3:00:00 AM,13.01584,PGAE
5/6/2018 3:00:00 AM,22.18590,SCE
5/6/2018 3:00:00 AM,22.31956,SDGE
5/6/2018 3:00:00 AM,21.17462,VEA
5/6/2018 4:00:00 AM,13.22856,PGAE
5/6/2018 4:00:00 AM,22.18143,SCE
5/6/2018 4:00:00 AM,22.30932,SDGE
5/6/2018 4:00:00 AM,21.19162,VEA
5/6/2018 5:00:00 AM,15.77000,PGAE
5/6/2018 5:00:00 AM,23.53926,SCE
5/6/2018 5:00:00 AM,23.79879,SDGE
5/6/2018 5:00:00 AM,22.58998,VEA
5/6/2018 6:00:00 AM,15.19100,PGAE
5/6/2018 6:00:00 AM,20.85975,SCE
5/6/2018 6:00:00 AM,21.17520,SDGE
5/6/2018 6:00:00 AM,20.08719,VEA
5/6/2018 7:00:00 AM,7.74127,PGAE
5/6/2018 7:00:00 AM,8.66559,SCE
5/6/2018 7:00:00 AM,19.04584,SDGE
5/6/2018 7:00:00 AM,6.73928,VEA
5/6/2018 8:00:00 AM,5.81215,PGAE
5/6/2018 8:00:00 AM,6.08013,SCE
5/6/2018 8:00:00 AM,10.67157,SDGE
5/6/2018 8:00:00 AM,5.19229,VEA
5/6/2018 9:00:00 AM,3.78888,PGAE
5/6/2018 9:00:00 AM,3.91812,SCE
5/6/2018 9:00:00 AM,6.57057,SDGE
5/6/2018 9:00:00 AM,3.39586,VEA
5/6/2018 10:00:00 AM,2.18000,PGAE
5/6/2018 10:00:00 AM,2.26980,SCE
5/6/2018 10:00:00 AM,3.89579,SDGE
5/6/2018 10:00:00 AM,1.94796,VEA
5/6/2018 11:00:00 AM,5.49877,PGAE
5/6/2018 11:00:00 AM,17.18371,SCE
5/6/2018 11:00:00 AM,11.13266,SDGE
5/6/2018 11:00:00 AM,3.89725,VEA
5/6/2018 12:00:00 PM,6.13099,PGAE
5/6/2018 12:00:00 PM,11.59788,SCE
5/6/2018 12:00:00 PM,8.83282,SDGE
5/6/2018 12:00:00 PM,5.23962,VEA
5/6/2018 1:00:00 PM,10.27007,PGAE
5/6/2018 1:00:00 PM,15.72881,SCE
5/6/2018 1:00:00 PM,13.12242,SDGE
5/6/2018 1:00:00 PM,9.31653,VEA
5/6/2018 2:00:00 PM,11.32670,PGAE
5/6/2018 2:00:00 PM,20.80475,SCE
5/6/2018 2:00:00 PM,16.21594,SDGE
5/6/2018 2:00:00 PM,9.80446,VEA
5/6/2018 3:00:00 PM,12.23553,PGAE
5/6/2018 3:00:00 PM,24.71366,SCE
5/6/2018 3:00:00 PM,20.40827,SDGE
5/6/2018 3:00:00 PM,14.04305,VEA
5/6/2018 4:00:00 PM,12.93179,PGAE
5/6/2018 4:00:00 PM,26.46968,SCE
5/6/2018 4:00:00 PM,24.10626,SDGE
5/6/2018 4:00:00 PM,16.84757,VEA
5/6/2018 5:00:00 PM,33.56322,PGAE
5/6/2018 5:00:00 PM,37.22456,SCE
5/6/2018 5:00:00 PM,37.05691,SDGE
5/6/2018 5:00:00 PM,32.74179,VEA
5/6/2018 6:00:00 PM,45.57038,PGAE
5/6/2018 6:00:00 PM,46.83172,SCE
5/6/2018 6:00:00 PM,48.19971,SDGE
5/6/2018 6:00:00 PM,45.44518,VEA
5/6/2018 7:00:00 PM,54.32613,PGAE
5/6/2018 7:00:00 PM,55.80203,SCE
5/6/2018 7:00:00 PM,57.57089,SDGE
5/6/2018 7:00:00 PM,54.40905,VEA
5/6/2018 8:00:00 PM,58.13000,PGAE
5/6/2018 8:00:00 PM,58.95749,SCE
5/6/2018 8:00:00 PM,60.59488,SDGE
5/6/2018 8:00:00 PM,57.37880,VEA
5/6/2018 9:00:00 PM,44.05732,PGAE
5/6/2018 9:00:00 PM,44.31397,SCE
5/6/2018 9:00:00 PM,45.58467,SDGE
5/6/2018 9:00:00 PM,42.88300,VEA
5/6/2018 10:00:00 PM,29.36633,PGAE
5/6/2018 10:00:00 PM,29.23134,SCE
5/6/2018 10:00:00 PM,29.83658,SDGE
5/6/2018 10:00:00 PM,28.33876,VEA
5/6/2018 11:00:00 PM,24.78105,PGAE
5/6/2018 11:00:00 PM,24.50938,SCE
5/6/2018 11:00:00 PM,25.17779,SDGE
5/6/2018 11:00:00 PM,23.83101,VEA
5/7/2018 12:00:00 AM,17.85424,PGAE
5/7/2018 12:00:00 AM,17.82014,SCE
5/7/2018 12:00:00 AM,18.28249,SDGE
5/7/2018 12:00:00 AM,17.35002,VEA
5/7/2018 1:00:00 AM,12.99924,PGAE
5/7/2018 1:00:00 AM,12.86294,SCE
5/7/2018 1:00:00 AM,13.23108,SDGE
5/7/2018 1:00:00 AM,12.56761,VEA
5/7/2018 2:00:00 AM,10.17293,PGAE
5/7/2018 2:00:00 AM,9.93437,SCE
5/7/2018 2:00:00 AM,10.23017,SDGE
5/7/2018 2:00:00 AM,9.73666,VEA
5/7/2018 3:00:00 AM,8.77743,PGAE
5/7/2018 3:00:00 AM,8.56497,SCE
5/7/2018 3:00:00 AM,8.79695,SDGE
5/7/2018 3:00:00 AM,8.38560,VEA
5/7/2018 4:00:00 AM,12.67963,PGAE
5/7/2018 4:00:00 AM,12.50485,SCE
5/7/2018 4:00:00 AM,12.84162,SDGE
5/7/2018 4:00:00 AM,12.20866,VEA
5/7/2018 5:00:00 AM,26.68098,PGAE
5/7/2018 5:00:00 AM,26.49369,SCE
5/7/2018 5:00:00 AM,27.15707,SDGE
5/7/2018 5:00:00 AM,25.80123,VEA
5/7/2018 6:00:00 AM,36.03415,PGAE
5/7/2018 6:00:00 AM,36.08227,SCE
5/7/2018 6:00:00 AM,42.39288,SDGE
5/7/2018 6:00:00 AM,30.55938,VEA
5/7/2018 7:00:00 AM,28.78558,PGAE
5/7/2018 7:00:00 AM,28.15039,SCE
5/7/2018 7:00:00 AM,35.14481,SDGE
5/7/2018 7:00:00 AM,27.32721,VEA
5/7/2018 8:00:00 AM,20.50385,PGAE
5/7/2018 8:00:00 AM,19.90419,SCE
5/7/2018 8:00:00 AM,27.05729,SDGE
5/7/2018 8:00:00 AM,19.30855,VEA
5/7/2018 9:00:00 AM,19.15317,PGAE
5/7/2018 9:00:00 AM,23.06000,SCE
5/7/2018 9:00:00 AM,26.92932,SDGE
5/7/2018 9:00:00 AM,17.25580,VEA
5/7/2018 10:00:00 AM,18.98589,PGAE
5/7/2018 10:00:00 AM,23.74915,SCE
5/7/2018 10:00:00 AM,34.33837,SDGE
5/7/2018 10:00:00 AM,17.02186,VEA
5/7/2018 11:00:00 AM,21.95100,PGAE
5/7/2018 11:00:00 AM,28.23153,SCE
5/7/2018 11:00:00 AM,31.55291,SDGE
5/7/2018 11:00:00 AM,19.53425,VEA
5/7/2018 12:00:00 PM,22.05993,PGAE
5/7/2018 12:00:00 PM,28.35412,SCE
5/7/2018 12:00:00 PM,28.35273,SDGE
5/7/2018 12:00:00 PM,19.55597,VEA
5/7/2018 1:00:00 PM,21.71000,PGAE
5/7/2018 1:00:00 PM,30.10105,SCE
5/7/2018 1:00:00 PM,33.35051,SDGE
5/7/2018 1:00:00 PM,19.12464,VEA
5/7/2018 2:00:00 PM,24.23138,PGAE
5/7/2018 2:00:00 PM,57.74159,SCE
5/7/2018 2:00:00 PM,34.94540,SDGE
5/7/2018 2:00:00 PM,16.95693,VEA
5/7/2018 3:00:00 PM,23.40613,PGAE
5/7/2018 3:00:00 PM,31.07931,SCE
5/7/2018 3:00:00 PM,31.60556,SDGE
5/7/2018 3:00:00 PM,20.05201,VEA
5/7/2018 4:00:00 PM,27.85511,PGAE
5/7/2018 4:00:00 PM,47.32804,SCE
5/7/2018 4:00:00 PM,36.72000,SDGE
5/7/2018 4:00:00 PM,22.82795,VEA
5/7/2018 5:00:00 PM,30.70792,PGAE
5/7/2018 5:00:00 PM,39.73559,SCE
5/7/2018 5:00:00 PM,43.38702,SDGE
5/7/2018 5:00:00 PM,27.80125,VEA
5/7/2018 6:00:00 PM,42.92031,PGAE
5/7/2018 6:00:00 PM,45.88703,SCE
5/7/2018 6:00:00 PM,51.64000,SDGE
5/7/2018 6:00:00 PM,38.99332,VEA
5/7/2018 7:00:00 PM,62.24163,PGAE
5/7/2018 7:00:00 PM,61.35600,SCE
5/7/2018 7:00:00 PM,63.90613,SDGE
5/7/2018 7:00:00 PM,59.74475,VEA
5/7/2018 8:00:00 PM,82.91000,PGAE
5/7/2018 8:00:00 PM,75.38381,SCE
5/7/2018 8:00:00 PM,77.20999,SDGE
5/7/2018 8:00:00 PM,64.98778,VEA
5/7/2018 9:00:00 PM,46.96691,SCE
5/7/2018 9:00:00 PM,47.64804,PGAE
5/7/2018 9:00:00 PM,48.68615,SDGE
5/7/2018 9:00:00 PM,44.63784,VEA
5/7/2018 10:00:00 PM,29.95708,PGAE
5/7/2018 10:00:00 PM,29.50455,SCE
5/7/2018 10:00:00 PM,30.52793,SDGE
5/7/2018 10:00:00 PM,28.53584,VEA
5/7/2018 11:00:00 PM,26.60869,PGAE
5/7/2018 11:00:00 PM,26.52180,SCE
5/7/2018 11:00:00 PM,43.72000,SDGE
5/7/2018 11:00:00 PM,25.63624,VEA
5/8/2018 12:00:00 AM,21.02007,PGAE
5/8/2018 12:00:00 AM,20.97333,SCE
5/8/2018 12:00:00 AM,22.51000,SDGE
5/8/2018 12:00:00 AM,20.44220,VEA
5/8/2018 1:00:00 AM,16.62427,PGAE
5/8/2018 1:00:00 AM,16.44610,SCE
5/8/2018 1:00:00 AM,17.38066,SDGE
5/8/2018 1:00:00 AM,16.06636,VEA
5/8/2018 2:00:00 AM,12.51076,PGAE
5/8/2018 2:00:00 AM,12.36971,SCE
5/8/2018 2:00:00 AM,12.69252,SDGE
5/8/2018 2:00:00 AM,12.10244,VEA
5/8/2018 3:00:00 AM,11.25573,PGAE
5/8/2018 3:00:00 AM,11.11342,SCE
5/8/2018 3:00:00 AM,11.39551,SDGE
5/8/2018 3:00:00 AM,10.86623,VEA
5/8/2018 4:00:00 AM,18.89085,PGAE
5/8/2018 4:00:00 AM,18.73011,SCE
5/8/2018 4:00:00 AM,19.35480,SDGE
5/8/2018 4:00:00 AM,18.29827,VEA
5/8/2018 5:00:00 AM,27.92433,PGAE
5/8/2018 5:00:00 AM,27.82943,SCE
5/8/2018 5:00:00 AM,30.50272,SDGE
5/8/2018 5:00:00 AM,27.10655,VEA
5/8/2018 6:00:00 AM,37.77855,PGAE
5/8/2018 6:00:00 AM,37.96469,SCE
5/8/2018 6:00:00 AM,43.46442,SDGE
5/8/2018 6:00:00 AM,36.11112,VEA
5/8/2018 7:00:00 AM,28.02662,PGAE
5/8/2018 7:00:00 AM,28.45043,SCE
5/8/2018 7:00:00 AM,38.92000,SDGE
5/8/2018 7:00:00 AM,27.33587,VEA
5/8/2018 8:00:00 AM,21.21302,PGAE
5/8/2018 8:00:00 AM,21.47695,SCE
5/8/2018 8:00:00 AM,33.49094,SDGE
5/8/2018 8:00:00 AM,19.54616,VEA
5/8/2018 9:00:00 AM,20.35713,PGAE
5/8/2018 9:00:00 AM,28.17244,SCE
5/8/2018 9:00:00 AM,38.79000,SDGE
5/8/2018 9:00:00 AM,16.55152,VEA
5/8/2018 10:00:00 AM,22.21502,PGAE
5/8/2018 10:00:00 AM,27.69727,SCE
5/8/2018 10:00:00 AM,31.74517,SDGE
5/8/2018 10:00:00 AM,18.27544,VEA
5/8/2018 11:00:00 AM,22.15270,PGAE
5/8/2018 11:00:00 AM,28.82106,SCE
5/8/2018 11:00:00 AM,29.91000,SDGE
5/8/2018 11:00:00 AM,19.07594,VEA
5/8/2018 12:00:00 PM,22.09561,PGAE
5/8/2018 12:00:00 PM,27.07709,SCE
5/8/2018 12:00:00 PM,32.29000,SDGE
5/8/2018 12:00:00 PM,19.72942,VEA
5/8/2018 1:00:00 PM,24.77004,PGAE
5/8/2018 1:00:00 PM,31.29249,SCE
5/8/2018 1:00:00 PM,35.46000,SDGE
5/8/2018 1:00:00 PM,21.22968,VEA
5/8/2018 2:00:00 PM,24.76727,PGAE
5/8/2018 2:00:00 PM,33.71611,SCE
5/8/2018 2:00:00 PM,37.38000,SDGE
5/8/2018 2:00:00 PM,21.30832,VEA
5/8/2018 3:00:00 PM,27.68976,PGAE
5/8/2018 3:00:00 PM,35.34178,SCE
5/8/2018 3:00:00 PM,40.05000,SDGE
5/8/2018 3:00:00 PM,23.75042,VEA
5/8/2018 4:00:00 PM,29.69324,PGAE
5/8/2018 4:00:00 PM,37.94147,SCE
5/8/2018 4:00:00 PM,45.25158,SDGE
5/8/2018 4:00:00 PM,25.53108,VEA
5/8/2018 5:00:00 PM,32.25347,PGAE
5/8/2018 5:00:00 PM,45.24782,SCE
5/8/2018 5:00:00 PM,47.61166,SDGE
5/8/2018 5:00:00 PM,29.07164,VEA
5/8/2018 6:00:00 PM,45.64667,PGAE
5/8/2018 6:00:00 PM,46.85412,SCE
5/8/2018 6:00:00 PM,54.29567,SDGE
5/8/2018 6:00:00 PM,42.84138,VEA
5/8/2018 7:00:00 PM,51.84697,PGAE
5/8/2018 7:00:00 PM,54.50744,SCE
5/8/2018 7:00:00 PM,58.08617,SDGE
5/8/2018 7:00:00 PM,47.49912,VEA
5/8/2018 8:00:00 PM,60.87773,PGAE
5/8/2018 8:00:00 PM,64.55317,SCE
5/8/2018 8:00:00 PM,66.67052,SDGE
5/8/2018 8:00:00 PM,54.08891,VEA
5/8/2018 9:00:00 PM,44.57471,PGAE
5/8/2018 9:00:00 PM,46.92309,SCE
5/8/2018 9:00:00 PM,48.61353,SDGE
5/8/2018 9:00:00 PM,40.84395,VEA
5/8/2018 10:00:00 PM,30.99385,PGAE
5/8/2018 10:00:00 PM,31.09905,SCE
5/8/2018 10:00:00 PM,32.05226,SDGE
5/8/2018 10:00:00 PM,30.15701,VEA
5/8/2018 11:00:00 PM,26.80000,PGAE
5/8/2018 11:00:00 PM,26.80620,SCE
5/8/2018 11:00:00 PM,31.87661,SDGE
5/8/2018 11:00:00 PM,26.05562,VEA
5/9/2018 12:00:00 AM,22.78140,PGAE
5/9/2018 12:00:00 AM,16.09052,SCE
5/9/2018 12:00:00 AM,19.48395,SDGE
5/9/2018 12:00:00 AM,15.88808,VEA
5/9/2018 1:00:00 AM,23.33343,PGAE
5/9/2018 1:00:00 AM,20.26833,SCE
5/9/2018 1:00:00 AM,21.52328,SDGE
5/9/2018 1:00:00 AM,19.87549,VEA
5/9/2018 2:00:00 AM,16.61018,PGAE
5/9/2018 2:00:00 AM,7.65638,SCE
5/9/2018 2:00:00 AM,10.69318,SDGE
5/9/2018 2:00:00 AM,7.73726,VEA
5/9/2018 3:00:00 AM,16.12169,PGAE
5/9/2018 3:00:00 AM,9.14930,SCE
5/9/2018 3:00:00 AM,11.59143,SDGE
5/9/2018 3:00:00 AM,9.11910,VEA
5/9/2018 4:00:00 AM,21.93704,PGAE
5/9/2018 4:00:00 AM,13.21549,SCE
5/9/2018 4:00:00 AM,15.50304,SDGE
5/9/2018 4:00:00 AM,13.29247,VEA
5/9/2018 5:00:00 AM,30.36112,PGAE
5/9/2018 5:00:00 AM,28.89092,SCE
5/9/2018 5:00:00 AM,38.39000,SDGE
5/9/2018 5:00:00 AM,28.16715,VEA
5/9/2018 6:00:00 AM,38.27386,PGAE
5/9/2018 6:00:00 AM,38.36796,SCE
5/9/2018 6:00:00 AM,43.78485,SDGE
5/9/2018 6:00:00 AM,36.53797,VEA
5/9/2018 7:00:00 AM,22.54481,PGAE
5/9/2018 7:00:00 AM,22.11965,SCE
5/9/2018 7:00:00 AM,50.35631,SDGE
5/9/2018 7:00:00 AM,21.44834,VEA
5/9/2018 8:00:00 AM,12.61865,PGAE
5/9/2018 8:00:00 AM,12.18182,SCE
5/9/2018 8:00:00 AM,31.72000,SDGE
5/9/2018 8:00:00 AM,11.82440,VEA
5/9/2018 9:00:00 AM,10.74032,PGAE
5/9/2018 9:00:00 AM,18.17906,SCE
5/9/2018 9:00:00 AM,28.55712,SDGE
5/9/2018 9:00:00 AM,8.18378,VEA
5/9/2018 10:00:00 AM,10.74292,PGAE
5/9/2018 10:00:00 AM,17.13113,SCE
5/9/2018 10:00:00 AM,31.48882,SDGE
5/9/2018 10:00:00 AM,7.84223,VEA
5/9/2018 11:00:00 AM,12.76111,PGAE
5/9/2018 11:00:00 AM,21.70782,SCE
5/9/2018 11:00:00 AM,32.66062,SDGE
5/9/2018 11:00:00 AM,8.50993,VEA
5/9/2018 12:00:00 PM,14.72576,PGAE
5/9/2018 12:00:00 PM,20.62753,SCE
5/9/2018 12:00:00 PM,33.03055,SDGE
5/9/2018 12:00:00 PM,11.47402,VEA
5/9/2018 1:00:00 PM,14.72300,PGAE
5/9/2018 1:00:00 PM,24.81839,SCE
5/9/2018 1:00:00 PM,35.64000,SDGE
5/9/2018 1:00:00 PM,11.61007,VEA
5/9/2018 2:00:00 PM,15.93766,PGAE
5/9/2018 2:00:00 PM,27.55573,SCE
5/9/2018 2:00:00 PM,36.93000,SDGE
5/9/2018 2:00:00 PM,13.55737,VEA
5/9/2018 3:00:00 PM,18.37560,PGAE
5/9/2018 3:00:00 PM,35.21090,SCE
5/9/2018 3:00:00 PM,41.86503,SDGE
5/9/2018 3:00:00 PM,18.80315,VEA
5/9/2018 4:00:00 PM,20.21000,PGAE
5/9/2018 4:00:00 PM,33.16484,SCE
5/9/2018 4:00:00 PM,58.32934,SDGE
5/9/2018 4:00:00 PM,16.72429,VEA
5/9/2018 5:00:00 PM,25.50673,PGAE
5/9/2018 5:00:00 PM,43.15198,SCE
5/9/2018 5:00:00 PM,65.25000,SDGE
5/9/2018 5:00:00 PM,20.27577,VEA
5/9/2018 6:00:00 PM,40.48788,PGAE
5/9/2018 6:00:00 PM,43.85723,SCE
5/9/2018 6:00:00 PM,60.91567,SDGE
5/9/2018 6:00:00 PM,38.03541,VEA
5/9/2018 7:00:00 PM,50.06754,PGAE
5/9/2018 7:00:00 PM,53.43807,SCE
5/9/2018 7:00:00 PM,58.32066,SDGE
5/9/2018 7:00:00 PM,44.82483,VEA
5/9/2018 8:00:00 PM,56.88091,PGAE
5/9/2018 8:00:00 PM,61.83796,SCE
5/9/2018 8:00:00 PM,63.42264,SDGE
5/9/2018 8:00:00 PM,48.62992,VEA
5/9/2018 9:00:00 PM,43.63955,PGAE
5/9/2018 9:00:00 PM,45.68104,SCE
5/9/2018 9:00:00 PM,47.22550,SDGE
5/9/2018 9:00:00 PM,40.21240,VEA
5/9/2018 10:00:00 PM,31.59339,PGAE
5/9/2018 10:00:00 PM,31.64462,SCE
5/9/2018 10:00:00 PM,32.41537,SDGE
5/9/2018 10:00:00 PM,30.63820,VEA
5/9/2018 11:00:00 PM,24.57855,PGAE
5/9/2018 11:00:00 PM,23.54134,SCE
5/9/2018 11:00:00 PM,29.81480,SDGE
5/9/2018 11:00:00 PM,22.87367,VEA
5/10/2018 12:00:00 AM,22.53475,PGAE
5/10/2018 12:00:00 AM,17.15589,SCE
5/10/2018 12:00:00 AM,19.84194,SDGE
5/10/2018 12:00:00 AM,16.85001,VEA
5/10/2018 1:00:00 AM,18.81170,PGAE
5/10/2018 1:00:00 AM,12.46867,SCE
5/10/2018 1:00:00 AM,15.77601,SDGE
5/10/2018 1:00:00 AM,12.27073,VEA
5/10/2018 2:00:00 AM,16.69181,PGAE
5/10/2018 2:00:00 AM,10.17915,SCE
5/10/2018 2:00:00 AM,12.69861,SDGE
5/10/2018 2:00:00 AM,10.11097,VEA
5/10/2018 3:00:00 AM,15.31433,PGAE
5/10/2018 3:00:00 AM,8.97359,SCE
5/10/2018 3:00:00 AM,11.46288,SDGE
5/10/2018 3:00:00 AM,8.93580,VEA
5/10/2018 4:00:00 AM,19.04194,PGAE
5/10/2018 4:00:00 AM,12.24043,SCE
5/10/2018 4:00:00 AM,14.93031,SDGE
5/10/2018 4:00:00 AM,12.21335,VEA
5/10/2018 5:00:00 AM,30.96770,PGAE
5/10/2018 5:00:00 AM,26.02969,SCE
5/10/2018 5:00:00 AM,32.58799,SDGE
5/10/2018 5:00:00 AM,25.54125,VEA
5/10/2018 6:00:00 AM,40.15042,PGAE
5/10/2018 6:00:00 AM,39.94258,SCE
5/10/2018 6:00:00 AM,46.67116,SDGE
5/10/2018 6:00:00 AM,37.86850,VEA
5/10/2018 7:00:00 AM,24.70947,PGAE
5/10/2018 7:00:00 AM,23.48821,SCE
5/10/2018 7:00:00 AM,44.59747,SDGE
5/10/2018 7:00:00 AM,22.39396,VEA
5/10/2018 8:00:00 AM,16.26035,PGAE
5/10/2018 8:00:00 AM,14.79410,SCE
5/10/2018 8:00:00 AM,26.28906,SDGE
5/10/2018 8:00:00 AM,13.89547,VEA
5/10/2018 9:00:00 AM,21.58207,PGAE
5/10/2018 9:00:00 AM,11.80000,SCE
5/10/2018 9:00:00 AM,26.79331,SDGE
5/10/2018 9:00:00 AM,10.49183,VEA
5/10/2018 10:00:00 AM,16.25959,PGAE
5/10/2018 10:00:00 AM,11.54013,SCE
5/10/2018 10:00:00 AM,23.97324,SDGE
5/10/2018 10:00:00 AM,9.91354,VEA
5/10/2018 11:00:00 AM,14.15501,PGAE
5/10/2018 11:00:00 AM,20.04792,SCE
5/10/2018 11:00:00 AM,27.93868,SDGE
5/10/2018 11:00:00 AM,9.53520,VEA
5/10/2018 12:00:00 PM,17.16433,PGAE
5/10/2018 12:00:00 PM,17.81898,SCE
5/10/2018 12:00:00 PM,27.59421,SDGE
5/10/2018 12:00:00 PM,10.57136,VEA
5/10/2018 1:00:00 PM,18.80220,PGAE
5/10/2018 1:00:00 PM,20.39000,SCE
5/10/2018 1:00:00 PM,29.58416,SDGE
5/10/2018 1:00:00 PM,12.59309,VEA
5/10/2018 2:00:00 PM,18.04434,PGAE
5/10/2018 2:00:00 PM,20.48000,SCE
5/10/2018 2:00:00 PM,29.02125,SDGE
5/10/2018 2:00:00 PM,14.05176,VEA
5/10/2018 3:00:00 PM,21.31732,PGAE
5/10/2018 3:00:00 PM,28.64747,SCE
5/10/2018 3:00:00 PM,33.40579,SDGE
5/10/2018 3:00:00 PM,20.41949,VEA
5/10/2018 4:00:00 PM,19.05881,PGAE
5/10/2018 4:00:00 PM,28.89300,SCE
5/10/2018 4:00:00 PM,52.33000,SDGE
5/10/2018 4:00:00 PM,22.16147,VEA
5/10/2018 5:00:00 PM,25.14180,PGAE
5/10/2018 5:00:00 PM,35.74518,SCE
5/10/2018 5:00:00 PM,59.00033,SDGE
5/10/2018 5:00:00 PM,25.62885,VEA
5/10/2018 6:00:00 PM,43.37399,PGAE
5/10/2018 6:00:00 PM,45.08875,SCE
5/10/2018 6:00:00 PM,56.63942,SDGE
5/10/2018 6:00:00 PM,40.58067,VEA
5/10/2018 7:00:00 PM,52.37325,PGAE
5/10/2018 7:00:00 PM,54.55425,SCE
5/10/2018 7:00:00 PM,58.18565,SDGE
5/10/2018 7:00:00 PM,50.14984,VEA
5/10/2018 8:00:00 PM,61.15578,PGAE
5/10/2018 8:00:00 PM,63.47058,SCE
5/10/2018 8:00:00 PM,64.62547,SDGE
5/10/2018 8:00:00 PM,57.69559,VEA
5/10/2018 9:00:00 PM,46.34859,PGAE
5/10/2018 9:00:00 PM,46.83958,SCE
5/10/2018 9:00:00 PM,48.04000,SDGE
5/10/2018 9:00:00 PM,45.38458,VEA
5/10/2018 10:00:00 PM,30.53053,PGAE
5/10/2018 10:00:00 PM,29.01805,SCE
5/10/2018 10:00:00 PM,29.58409,SDGE
5/10/2018 10:00:00 PM,28.12230,VEA
5/10/2018 11:00:00 PM,26.72746,PGAE
5/10/2018 11:00:00 PM,23.82089,SCE
5/10/2018 11:00:00 PM,26.42751,SDGE
5/10/2018 11:00:00 PM,23.24395,VEA
5/11/2018 12:00:00 AM,22.76891,PGAE
5/11/2018 12:00:00 AM,19.14764,SCE
5/11/2018 12:00:00 AM,25.51000,SDGE
5/11/2018 12:00:00 AM,18.77300,VEA
5/11/2018 1:00:00 AM,16.28000,PGAE
5/11/2018 1:00:00 AM,11.71368,SCE
5/11/2018 1:00:00 AM,14.15207,SDGE
5/11/2018 1:00:00 AM,11.54478,VEA
5/11/2018 2:00:00 AM,14.61552,PGAE
5/11/2018 2:00:00 AM,10.36115,SCE
5/11/2018 2:00:00 AM,12.42949,SDGE
5/11/2018 2:00:00 AM,10.24119,VEA
5/11/2018 3:00:00 AM,13.63302,PGAE
5/11/2018 3:00:00 AM,10.20191,SCE
5/11/2018 3:00:00 AM,12.00830,SDGE
5/11/2018 3:00:00 AM,10.05361,VEA
5/11/2018 4:00:00 AM,16.12926,PGAE
5/11/2018 4:00:00 AM,11.69758,SCE
5/11/2018 4:00:00 AM,13.19322,SDGE
5/11/2018 4:00:00 AM,11.55452,VEA
5/11/2018 5:00:00 AM,29.47537,PGAE
5/11/2018 5:00:00 AM,28.12204,SCE
5/11/2018 5:00:00 AM,29.66565,SDGE
5/11/2018 5:00:00 AM,27.43774,VEA
5/11/2018 6:00:00 AM,30.98636,PGAE
5/11/2018 6:00:00 AM,30.61970,SCE
5/11/2018 6:00:00 AM,34.16090,SDGE
5/11/2018 6:00:00 AM,28.24837,VEA
5/11/2018 7:00:00 AM,25.69502,PGAE
5/11/2018 7:00:00 AM,26.39185,SCE
5/11/2018 7:00:00 AM,40.97930,SDGE
5/11/2018 7:00:00 AM,23.12437,VEA
5/11/2018 8:00:00 AM,15.91836,PGAE
5/11/2018 8:00:00 AM,15.58817,SCE
5/11/2018 8:00:00 AM,17.79285,SDGE
5/11/2018 8:00:00 AM,14.83520,VEA
5/11/2018 9:00:00 AM,13.27732,PGAE
5/11/2018 9:00:00 AM,13.27513,SCE
5/11/2018 9:00:00 AM,17.86120,SDGE
5/11/2018 9:00:00 AM,12.07620,VEA
5/11/2018 10:00:00 AM,9.33155,PGAE
5/11/2018 10:00:00 AM,9.07113,SCE
5/11/2018 10:00:00 AM,10.22467,SDGE
5/11/2018 10:00:00 AM,8.62200,VEA
5/11/2018 11:00:00 AM,7.80685,PGAE
5/11/2018 11:00:00 AM,10.00034,SCE
5/11/2018 11:00:00 AM,9.29911,SDGE
5/11/2018 11:00:00 AM,6.93522,VEA
5/11/2018 12:00:00 PM,7.59817,PGAE
5/11/2018 12:00:00 PM,7.30424,SCE
5/11/2018 12:00:00 PM,7.44191,SDGE
5/11/2018 12:00:00 PM,7.07952,VEA
5/11/2018 1:00:00 PM,9.69555,PGAE
5/11/2018 1:00:00 PM,10.52669,SCE
5/11/2018 1:00:00 PM,10.28393,SDGE
5/11/2018 1:00:00 PM,8.83850,VEA
5/11/2018 2:00:00 PM,10.40231,PGAE
5/11/2018 2:00:00 PM,10.65043,SCE
5/11/2018 2:00:00 PM,10.69575,SDGE
5/11/2018 2:00:00 PM,9.69753,VEA
5/11/2018 3:00:00 PM,13.63009,PGAE
5/11/2018 3:00:00 PM,13.68000,SCE
5/11/2018 3:00:00 PM,13.85245,SDGE
5/11/2018 3:00:00 PM,12.85859,VEA
5/11/2018 4:00:00 PM,16.38592,PGAE
5/11/2018 4:00:00 PM,16.03390,SCE
5/11/2018 4:00:00 PM,16.52867,SDGE
5/11/2018 4:00:00 PM,15.51642,VEA
5/11/2018 5:00:00 PM,19.85573,PGAE
5/11/2018 5:00:00 PM,25.72300,SCE
5/11/2018 5:00:00 PM,26.53804,SDGE
5/11/2018 5:00:00 PM,21.93718,VEA
5/11/2018 6:00:00 PM,35.22255,PGAE
5/11/2018 6:00:00 PM,35.74277,SCE
5/11/2018 6:00:00 PM,37.23000,SDGE
5/11/2018 6:00:00 PM,34.58513,VEA
5/11/2018 7:00:00 PM,45.38024,PGAE
5/11/2018 7:00:00 PM,47.70395,SCE
5/11/2018 7:00:00 PM,49.61000,SDGE
5/11/2018 7:00:00 PM,42.23523,VEA
5/11/2018 8:00:00 PM,51.41971,PGAE
5/11/2018 8:00:00 PM,54.49091,SCE
5/11/2018 8:00:00 PM,56.15104,SDGE
5/11/2018 8:00:00 PM,45.89023,VEA
5/11/2018 9:00:00 PM,44.13592,PGAE
5/11/2018 9:00:00 PM,45.50978,SCE
5/11/2018 9:00:00 PM,47.58708,SDGE
5/11/2018 9:00:00 PM,39.99525,VEA
5/11/2018 10:00:00 PM,30.22793,PGAE
5/11/2018 10:00:00 PM,30.23906,SCE
5/11/2018 10:00:00 PM,31.13777,SDGE
5/11/2018 10:00:00 PM,29.31310,VEA
5/11/2018 11:00:00 PM,24.62395,PGAE
5/11/2018 11:00:00 PM,23.37223,SCE
5/11/2018 11:00:00 PM,24.05999,SDGE
5/11/2018 11:00:00 PM,22.82535,VEA
5/12/2018 12:00:00 AM,20.65194,PGAE
5/12/2018 12:00:00 AM,20.54093,SCE
5/12/2018 12:00:00 AM,21.10499,SDGE
5/12/2018 12:00:00 AM,20.10244,VEA
5/12/2018 1:00:00 AM,15.21989,PGAE
5/12/2018 1:00:00 AM,15.00119,SCE
5/12/2018 1:00:00 AM,15.42165,SDGE
5/12/2018 1:00:00 AM,14.69636,VEA
5/12/2018 2:00:00 AM,14.84104,PGAE
5/12/2018 2:00:00 AM,14.65296,SCE
5/12/2018 2:00:00 AM,15.02086,SDGE
5/12/2018 2:00:00 AM,14.34076,VEA
5/12/2018 3:00:00 AM,13.66875,PGAE
5/12/2018 3:00:00 AM,13.39553,SCE
5/12/2018 3:00:00 AM,13.74592,SDGE
5/12/2018 3:00:00 AM,13.12434,VEA
5/12/2018 4:00:00 AM,14.40909,PGAE
5/12/2018 4:00:00 AM,14.15474,SCE
5/12/2018 4:00:00 AM,14.53362,SDGE
5/12/2018 4:00:00 AM,13.91209,VEA
5/12/2018 5:00:00 AM,17.79198,PGAE
5/12/2018 5:00:00 AM,17.80206,SCE
5/12/2018 5:00:00 AM,18.23253,SDGE
5/12/2018 5:00:00 AM,17.45698,VEA
5/12/2018 6:00:00 AM,16.98553,PGAE
5/12/2018 6:00:00 AM,17.04864,SCE
5/12/2018 6:00:00 AM,17.53579,SDGE
5/12/2018 6:00:00 AM,16.67297,VEA
5/12/2018 7:00:00 AM,8.41568,PGAE
5/12/2018 7:00:00 AM,9.84174,SCE
5/12/2018 7:00:00 AM,27.29369,SDGE
5/12/2018 7:00:00 AM,6.56283,VEA
5/12/2018 8:00:00 AM,0.66640,PGAE
5/12/2018 8:00:00 AM,0.91897,SCE
5/12/2018 8:00:00 AM,4.14643,SDGE
5/12/2018 8:00:00 AM,0.32266,VEA
5/12/2018 9:00:00 AM,1.08254,PGAE
5/12/2018 9:00:00 AM,1.10162,SCE
5/12/2018 9:00:00 AM,1.87852,SDGE
5/12/2018 9:00:00 AM,0.94448,VEA
5/12/2018 10:00:00 AM,0.00770,PGAE
5/12/2018 10:00:00 AM,0.03943,SCE
5/12/2018 10:00:00 AM,0.44243,SDGE
5/12/2018 10:00:00 AM,-0.03306,VEA
5/12/2018 11:00:00 AM,0.00002,PGAE
5/12/2018 11:00:00 AM,0.00041,SCE
5/12/2018 11:00:00 AM,0.00553,SDGE
5/12/2018 11:00:00 AM,-0.00048,VEA
5/12/2018 12:00:00 PM,0.00012,PGAE
5/12/2018 12:00:00 PM,0.00049,SCE
5/12/2018 12:00:00 PM,0.00552,SDGE
5/12/2018 12:00:00 PM,-0.00040,VEA
5/12/2018 1:00:00 PM,0.00000,PGAE
5/12/2018 1:00:00 PM,0.00000,SCE
5/12/2018 1:00:00 PM,0.00000,SDGE
5/12/2018 1:00:00 PM,0.00000,VEA
5/12/2018 2:00:00 PM,0.00000,PGAE
5/12/2018 2:00:00 PM,0.00000,SCE
5/12/2018 2:00:00 PM,0.00000,SDGE
5/12/2018 2:00:00 PM,0.00000,VEA
5/12/2018 3:00:00 PM,0.00000,PGAE
5/12/2018 3:00:00 PM,0.00000,SCE
5/12/2018 3:00:00 PM,0.00000,SDGE
5/12/2018 3:00:00 PM,0.00000,VEA
5/12/2018 4:00:00 PM,0.01071,PGAE
5/12/2018 4:00:00 PM,0.01013,SCE
5/12/2018 4:00:00 PM,0.01041,SDGE
5/12/2018 4:00:00 PM,0.00995,VEA
5/12/2018 5:00:00 PM,13.63296,PGAE
5/12/2018 5:00:00 PM,12.97495,SCE
5/12/2018 5:00:00 PM,13.37722,SDGE
5/12/2018 5:00:00 PM,12.74052,VEA
5/12/2018 6:00:00 PM,32.13065,PGAE
5/12/2018 6:00:00 PM,31.04222,SCE
5/12/2018 6:00:00 PM,32.04205,SDGE
5/12/2018 6:00:00 PM,30.38727,VEA
5/12/2018 7:00:00 PM,41.31772,PGAE
5/12/2018 7:00:00 PM,40.20688,SCE
5/12/2018 7:00:00 PM,41.58318,SDGE
5/12/2018 7:00:00 PM,39.35741,VEA
5/12/2018 8:00:00 PM,50.37230,PGAE
5/12/2018 8:00:00 PM,48.84692,SCE
5/12/2018 8:00:00 PM,51.40610,SDGE
5/12/2018 8:00:00 PM,43.18745,VEA
5/12/2018 9:00:00 PM,42.29240,PGAE
5/12/2018 9:00:00 PM,40.92585,SCE
5/12/2018 9:00:00 PM,42.59622,SDGE
5/12/2018 9:00:00 PM,37.93158,VEA
5/12/2018 10:00:00 PM,30.50456,PGAE
5/12/2018 10:00:00 PM,29.83413,SCE
5/12/2018 10:00:00 PM,30.73106,SDGE
5/12/2018 10:00:00 PM,29.14558,VEA
5/12/2018 11:00:00 PM,23.22554,PGAE
5/12/2018 11:00:00 PM,22.76531,SCE
5/12/2018 11:00:00 PM,23.38892,SDGE
5/12/2018 11:00:00 PM,22.31198,VEA
5/13/2018 12:00:00 AM,18.98551,PGAE
5/13/2018 12:00:00 AM,18.71008,SCE
5/13/2018 12:00:00 AM,19.18548,SDGE
5/13/2018 12:00:00 AM,18.35543,VEA
5/13/2018 1:00:00 AM,16.81756,PGAE
5/13/2018 1:00:00 AM,16.68895,SCE
5/13/2018 1:00:00 AM,17.71458,SDGE
5/13/2018 1:00:00 AM,16.27066,VEA
5/13/2018 2:00:00 AM,14.34115,PGAE
5/13/2018 2:00:00 AM,14.41715,SCE
5/13/2018 2:00:00 AM,16.55799,SDGE
5/13/2018 2:00:00 AM,13.77232,VEA
5/13/2018 3:00:00 AM,10.98351,PGAE
5/13/2018 3:00:00 AM,11.22678,SCE
5/13/2018 3:00:00 AM,14.96381,SDGE
5/13/2018 3:00:00 AM,10.34522,VEA
5/13/2018 4:00:00 AM,11.44142,PGAE
5/13/2018 4:00:00 AM,11.63455,SCE
5/13/2018 4:00:00 AM,15.16300,SDGE
5/13/2018 4:00:00 AM,10.80191,VEA
5/13/2018 5:00:00 AM,15.61499,PGAE
5/13/2018 5:00:00 AM,15.43783,SCE
5/13/2018 5:00:00 AM,15.77661,SDGE
5/13/2018 5:00:00 AM,15.11304,VEA
5/13/2018 6:00:00 AM,10.71337,PGAE
5/13/2018 6:00:00 AM,10.89135,SCE
5/13/2018 6:00:00 AM,14.51204,SDGE
5/13/2018 6:00:00 AM,10.09101,VEA
5/13/2018 7:00:00 AM,0.10987,PGAE
5/13/2018 7:00:00 AM,0.85266,SCE
5/13/2018 7:00:00 AM,9.44816,SDGE
5/13/2018 7:00:00 AM,-0.72717,VEA
5/13/2018 8:00:00 AM,-6.04890,PGAE
5/13/2018 8:00:00 AM,-4.69910,SCE
5/13/2018 8:00:00 AM,7.12936,SDGE
5/13/2018 8:00:00 AM,-6.85053,VEA
5/13/2018 9:00:00 AM,-8.31273,PGAE
5/13/2018 9:00:00 AM,-6.79943,SCE
5/13/2018 9:00:00 AM,5.09922,SDGE
5/13/2018 9:00:00 AM,-8.92257,VEA
5/13/2018 10:00:00 AM,-12.67928,PGAE
5/13/2018 10:00:00 AM,-11.14897,SCE
5/13/2018 10:00:00 AM,-1.77880,SDGE
5/13/2018 10:00:00 AM,-12.72041,VEA
5/13/2018 11:00:00 AM,-13.38619,PGAE
5/13/2018 11:00:00 AM,-12.03402,SCE
5/13/2018 11:00:00 AM,-4.73359,SDGE
5/13/2018 11:00:00 AM,-13.19878,VEA
5/13/2018 12:00:00 PM,-13.78474,PGAE
5/13/2018 12:00:00 PM,-12.52000,SCE
5/13/2018 12:00:00 PM,-5.72658,SDGE
5/13/2018 12:00:00 PM,-13.56274,VEA
5/13/2018 1:00:00 PM,-13.09392,PGAE
5/13/2018 1:00:00 PM,-11.90478,SCE
5/13/2018 1:00:00 PM,-5.84550,SDGE
5/13/2018 1:00:00 PM,-12.81347,VEA
5/13/2018 2:00:00 PM,-10.42682,PGAE
5/13/2018 2:00:00 PM,-9.51806,SCE
5/13/2018 2:00:00 PM,-4.69792,SDGE
5/13/2018 2:00:00 PM,-10.23600,VEA
5/13/2018 3:00:00 PM,-7.33043,PGAE
5/13/2018 3:00:00 PM,-6.65328,SCE
5/13/2018 3:00:00 PM,-2.91230,SDGE
5/13/2018 3:00:00 PM,-7.20508,VEA
5/13/2018 4:00:00 PM,-0.08106,PGAE
5/13/2018 4:00:00 PM,-0.07354,SCE
5/13/2018 4:00:00 PM,-0.03145,SDGE
5/13/2018 4:00:00 PM,-0.07991,VEA
5/13/2018 5:00:00 PM,11.72076,PGAE
5/13/2018 5:00:00 PM,11.32196,SCE
5/13/2018 5:00:00 PM,11.60089,SDGE
5/13/2018 5:00:00 PM,11.04995,VEA
5/13/2018 6:00:00 PM,26.99252,PGAE
5/13/2018 6:00:00 PM,26.36485,SCE
5/13/2018 6:00:00 PM,27.08600,SDGE
5/13/2018 6:00:00 PM,25.63568,VEA
5/13/2018 7:00:00 PM,37.08233,PGAE
5/13/2018 7:00:00 PM,36.70145,SCE
5/13/2018 7:00:00 PM,37.98091,SDGE
5/13/2018 7:00:00 PM,35.76958,VEA
5/13/2018 8:00:00 PM,47.25911,PGAE
5/13/2018 8:00:00 PM,46.68950,SCE
5/13/2018 8:00:00 PM,48.24770,SDGE
5/13/2018 8:00:00 PM,45.39963,VEA
5/13/2018 9:00:00 PM,37.58747,PGAE
5/13/2018 9:00:00 PM,36.98983,SCE
5/13/2018 9:00:00 PM,38.08425,SDGE
5/13/2018 9:00:00 PM,36.01121,VEA
5/13/2018 10:00:00 PM,29.33879,PGAE
5/13/2018 10:00:00 PM,29.17178,SCE
5/13/2018 10:00:00 PM,29.96583,SDGE
5/13/2018 10:00:00 PM,28.43340,VEA
5/13/2018 11:00:00 PM,19.57442,PGAE
5/13/2018 11:00:00 PM,19.44352,SCE
5/13/2018 11:00:00 PM,19.94758,SDGE
5/13/2018 11:00:00 PM,19.01565,VEA
5/14/2018 12:00:00 AM,15.29778,PGAE
5/14/2018 12:00:00 AM,15.24579,SCE
5/14/2018 12:00:00 AM,15.62197,SDGE
5/14/2018 12:00:00 AM,14.94455,VEA
5/14/2018 1:00:00 AM,10.71039,PGAE
5/14/2018 1:00:00 AM,10.62600,SCE
5/14/2018 1:00:00 AM,10.90268,SDGE
5/14/2018 1:00:00 AM,10.43585,VEA
5/14/2018 2:00:00 AM,10.58042,PGAE
5/14/2018 2:00:00 AM,10.72784,SCE
5/14/2018 2:00:00 AM,13.66610,SDGE
5/14/2018 2:00:00 AM,10.03298,VEA
5/14/2018 3:00:00 AM,10.47159,PGAE
5/14/2018 3:00:00 AM,10.69394,SCE
5/14/2018 3:00:00 AM,14.70001,SDGE
5/14/2018 3:00:00 AM,9.80706,VEA
5/14/2018 4:00:00 AM,12.29000,PGAE
5/14/2018 4:00:00 AM,12.52859,SCE
5/14/2018 4:00:00 AM,15.62164,SDGE
5/14/2018 4:00:00 AM,11.74141,VEA
5/14/2018 5:00:00 AM,23.82391,PGAE
5/14/2018 5:00:00 AM,24.77758,SCE
5/14/2018 5:00:00 AM,36.24512,SDGE
5/14/2018 5:00:00 AM,22.21532,VEA
5/14/2018 6:00:00 AM,29.35764,PGAE
5/14/2018 6:00:00 AM,29.76405,SCE
5/14/2018 6:00:00 AM,37.79010,SDGE
5/14/2018 6:00:00 AM,27.74867,VEA
5/14/2018 7:00:00 AM,25.81436,PGAE
5/14/2018 7:00:00 AM,25.75007,SCE
5/14/2018 7:00:00 AM,33.50877,SDGE
5/14/2018 7:00:00 AM,23.78520,VEA
5/14/2018 8:00:00 AM,16.23752,PGAE
5/14/2018 8:00:00 AM,15.96234,SCE
5/14/2018 8:00:00 AM,21.51000,SDGE
5/14/2018 8:00:00 AM,14.59098,VEA
5/14/2018 9:00:00 AM,13.80673,PGAE
5/14/2018 9:00:00 AM,13.62529,SCE
5/14/2018 9:00:00 AM,18.75808,SDGE
5/14/2018 9:00:00 AM,12.35222,VEA
5/14/2018 10:00:00 AM,10.47765,PGAE
5/14/2018 10:00:00 AM,10.26000,SCE
5/14/2018 10:00:00 AM,13.65117,SDGE
5/14/2018 10:00:00 AM,9.29361,VEA
5/14/2018 11:00:00 AM,11.20612,PGAE
5/14/2018 11:00:00 AM,10.71250,SCE
5/14/2018 11:00:00 AM,11.31484,SDGE
5/14/2018 11:00:00 AM,10.24064,VEA
5/14/2018 12:00:00 PM,11.39144,PGAE
5/14/2018 12:00:00 PM,10.92722,SCE
5/14/2018 12:00:00 PM,12.36673,SDGE
5/14/2018 12:00:00 PM,10.30395,VEA
5/14/2018 1:00:00 PM,11.33766,PGAE
5/14/2018 1:00:00 PM,10.89412,SCE
5/14/2018 1:00:00 PM,12.75533,SDGE
5/14/2018 1:00:00 PM,10.19836,VEA
5/14/2018 2:00:00 PM,13.12810,PGAE
5/14/2018 2:00:00 PM,12.42501,SCE
5/14/2018 2:00:00 PM,12.53200,SDGE
5/14/2018 2:00:00 PM,11.97157,VEA
5/14/2018 3:00:00 PM,14.61033,PGAE
5/14/2018 3:00:00 PM,13.77537,SCE
5/14/2018 3:00:00 PM,13.90415,SDGE
5/14/2018 3:00:00 PM,13.31402,VEA
5/14/2018 4:00:00 PM,16.75757,PGAE
5/14/2018 4:00:00 PM,16.04152,SCE
5/14/2018 4:00:00 PM,16.31843,SDGE
5/14/2018 4:00:00 PM,15.48605,VEA
5/14/2018 5:00:00 PM,21.24521,PGAE
5/14/2018 5:00:00 PM,20.64581,SCE
5/14/2018 5:00:00 PM,21.14671,SDGE
5/14/2018 5:00:00 PM,20.04012,VEA
5/14/2018 6:00:00 PM,31.09125,PGAE
5/14/2018 6:00:00 PM,30.53594,SCE
5/14/2018 6:00:00 PM,31.28561,SDGE
5/14/2018 6:00:00 PM,29.60425,VEA
5/14/2018 7:00:00 PM,40.44941,PGAE
5/14/2018 7:00:00 PM,40.54279,SCE
5/14/2018 7:00:00 PM,41.81355,SDGE
5/14/2018 7:00:00 PM,39.21518,VEA
5/14/2018 8:00:00 PM,49.02702,PGAE
5/14/2018 8:00:00 PM,49.01228,SCE
5/14/2018 8:00:00 PM,50.31789,SDGE
5/14/2018 8:00:00 PM,45.62509,VEA
5/14/2018 9:00:00 PM,38.67325,PGAE
5/14/2018 9:00:00 PM,38.11935,SCE
5/14/2018 9:00:00 PM,39.27331,SDGE
5/14/2018 9:00:00 PM,37.15002,VEA
5/14/2018 10:00:00 PM,29.11081,PGAE
5/14/2018 10:00:00 PM,28.88413,SCE
5/14/2018 10:00:00 PM,29.92163,SDGE
5/14/2018 10:00:00 PM,28.19247,VEA
5/14/2018 11:00:00 PM,21.40085,PGAE
5/14/2018 11:00:00 PM,21.15565,SCE
5/14/2018 11:00:00 PM,21.86567,SDGE
5/14/2018 11:00:00 PM,20.75906,VEA
5/15/2018 12:00:00 AM,21.20080,PGAE
5/15/2018 12:00:00 AM,20.85139,SCE
5/15/2018 12:00:00 AM,21.37341,SDGE
5/15/2018 12:00:00 AM,20.51881,VEA
5/15/2018 1:00:00 AM,15.30466,PGAE
5/15/2018 1:00:00 AM,15.02681,SCE
5/15/2018 1:00:00 AM,15.42461,SDGE
5/15/2018 1:00:00 AM,14.82184,VEA
5/15/2018 2:00:00 AM,14.31785,PGAE
5/15/2018 2:00:00 AM,14.09885,SCE
5/15/2018 2:00:00 AM,14.42309,SDGE
5/15/2018 2:00:00 AM,13.88980,VEA
5/15/2018 3:00:00 AM,14.22619,PGAE
5/15/2018 3:00:00 AM,14.01000,SCE
5/15/2018 3:00:00 AM,14.32228,SDGE
5/15/2018 3:00:00 AM,13.79805,VEA
5/15/2018 4:00:00 AM,18.81061,PGAE
5/15/2018 4:00:00 AM,18.58783,SCE
5/15/2018 4:00:00 AM,19.01654,SDGE
5/15/2018 4:00:00 AM,18.28081,VEA
5/15/2018 5:00:00 AM,29.58280,PGAE
5/15/2018 5:00:00 AM,29.17695,SCE
5/15/2018 5:00:00 AM,29.81219,SDGE
5/15/2018 5:00:00 AM,28.64464,VEA
5/15/2018 6:00:00 AM,32.58700,PGAE
5/15/2018 6:00:00 AM,32.05914,SCE
5/15/2018 6:00:00 AM,34.65000,SDGE
5/15/2018 6:00:00 AM,31.24640,VEA
5/15/2018 7:00:00 AM,25.87292,PGAE
5/15/2018 7:00:00 AM,24.89385,SCE
5/15/2018 7:00:00 AM,35.22919,SDGE
5/15/2018 7:00:00 AM,22.16696,VEA
5/15/2018 8:00:00 AM,15.99568,PGAE
5/15/2018 8:00:00 AM,15.42266,SCE
5/15/2018 8:00:00 AM,22.63603,SDGE
5/15/2018 8:00:00 AM,13.61399,VEA
5/15/2018 9:00:00 AM,13.68399,PGAE
5/15/2018 9:00:00 AM,12.97080,SCE
5/15/2018 9:00:00 AM,17.81851,SDGE
5/15/2018 9:00:00 AM,11.70096,VEA
5/15/2018 10:00:00 AM,11.91097,PGAE
5/15/2018 10:00:00 AM,11.27352,SCE
5/15/2018 10:00:00 AM,15.89560,SDGE
5/15/2018 10:00:00 AM,10.06195,VEA
5/15/2018 11:00:00 AM,11.30173,PGAE
5/15/2018 11:00:00 AM,10.68441,SCE
5/15/2018 11:00:00 AM,18.46438,SDGE
5/15/2018 11:00:00 AM,8.76920,VEA
5/15/2018 12:00:00 PM,10.55738,PGAE
5/15/2018 12:00:00 PM,9.95902,SCE
5/15/2018 12:00:00 PM,14.40949,SDGE
5/15/2018 12:00:00 PM,8.86483,VEA
5/15/2018 1:00:00 PM,11.78343,PGAE
5/15/2018 1:00:00 PM,11.07371,SCE
5/15/2018 1:00:00 PM,15.62591,SDGE
5/15/2018 1:00:00 PM,9.92564,VEA
5/15/2018 2:00:00 PM,10.83156,PGAE
5/15/2018 2:00:00 PM,10.25632,SCE
5/15/2018 2:00:00 PM,13.94028,SDGE
5/15/2018 2:00:00 PM,9.30377,VEA
5/15/2018 3:00:00 PM,10.44235,PGAE
5/15/2018 3:00:00 PM,9.95685,SCE
5/15/2018 3:00:00 PM,13.32465,SDGE
5/15/2018 3:00:00 PM,9.05992,VEA
5/15/2018 4:00:00 PM,15.81052,PGAE
5/15/2018 4:00:00 PM,15.16117,SCE
5/15/2018 4:00:00 PM,21.47519,SDGE
5/15/2018 4:00:00 PM,13.51963,VEA
5/15/2018 5:00:00 PM,20.78364,PGAE
5/15/2018 5:00:00 PM,20.28536,SCE
5/15/2018 5:00:00 PM,25.64435,SDGE
5/15/2018 5:00:00 PM,18.70231,VEA
5/15/2018 6:00:00 PM,31.36274,PGAE
5/15/2018 6:00:00 PM,31.26524,SCE
5/15/2018 6:00:00 PM,32.87552,SDGE
5/15/2018 6:00:00 PM,30.31228,VEA
5/15/2018 7:00:00 PM,45.63563,PGAE
5/15/2018 7:00:00 PM,46.18985,SCE
5/15/2018 7:00:00 PM,53.19211,SDGE
5/15/2018 7:00:00 PM,35.92613,VEA
5/15/2018 8:00:00 PM,61.25301,PGAE
5/15/2018 8:00:00 PM,62.51324,SCE
5/15/2018 8:00:00 PM,67.91269,SDGE
5/15/2018 8:00:00 PM,46.08477,VEA
5/15/2018 9:00:00 PM,44.43269,PGAE
5/15/2018 9:00:00 PM,44.90033,SCE
5/15/2018 9:00:00 PM,48.12165,SDGE
5/15/2018 9:00:00 PM,37.69920,VEA
5/15/2018 10:00:00 PM,30.64127,PGAE
5/15/2018 10:00:00 PM,30.93206,SCE
5/15/2018 10:00:00 PM,32.59328,SDGE
5/15/2018 10:00:00 PM,30.18033,VEA
5/15/2018 11:00:00 PM,26.03383,PGAE
5/15/2018 11:00:00 PM,26.22016,SCE
5/15/2018 11:00:00 PM,28.51000,SDGE
5/15/2018 11:00:00 PM,25.44109,VEA
5/16/2018 12:00:00 AM,25.12922,PGAE
5/16/2018 12:00:00 AM,25.09145,SCE
5/16/2018 12:00:00 AM,27.53162,SDGE
5/16/2018 12:00:00 AM,24.21639,VEA
5/16/2018 1:00:00 AM,21.07263,PGAE
5/16/2018 1:00:00 AM,20.86458,SCE
5/16/2018 1:00:00 AM,22.16616,SDGE
5/16/2018 1:00:00 AM,20.35090,VEA
5/16/2018 2:00:00 AM,20.47179,PGAE
5/16/2018 2:00:00 AM,20.30831,SCE
5/16/2018 2:00:00 AM,24.75601,SDGE
5/16/2018 2:00:00 AM,19.04885,VEA
5/16/2018 3:00:00 AM,20.25110,PGAE
5/16/2018 3:00:00 AM,20.07530,SCE
5/16/2018 3:00:00 AM,24.99138,SDGE
5/16/2018 3:00:00 AM,18.72188,VEA
5/16/2018 4:00:00 AM,22.60745,PGAE
5/16/2018 4:00:00 AM,22.46969,SCE
5/16/2018 4:00:00 AM,26.14238,SDGE
5/16/2018 4:00:00 AM,21.35280,VEA
5/16/2018 5:00:00 AM,35.14402,PGAE
5/16/2018 5:00:00 AM,34.96136,SCE
5/16/2018 5:00:00 AM,36.04677,SDGE
5/16/2018 5:00:00 AM,34.18155,VEA
5/16/2018 6:00:00 AM,35.83665,PGAE
5/16/2018 6:00:00 AM,35.62337,SCE
5/16/2018 6:00:00 AM,44.12979,SDGE
5/16/2018 6:00:00 AM,32.55159,VEA
5/16/2018 7:00:00 AM,24.32549,PGAE
5/16/2018 7:00:00 AM,23.83698,SCE
5/16/2018 7:00:00 AM,33.90636,SDGE
5/16/2018 7:00:00 AM,20.84167,VEA
5/16/2018 8:00:00 AM,16.59907,PGAE
5/16/2018 8:00:00 AM,15.75062,SCE
5/16/2018 8:00:00 AM,24.16849,SDGE
5/16/2018 8:00:00 AM,13.78073,VEA
5/16/2018 9:00:00 AM,13.29260,PGAE
5/16/2018 9:00:00 AM,12.50064,SCE
5/16/2018 9:00:00 AM,17.46489,SDGE
5/16/2018 9:00:00 AM,11.06511,VEA
5/16/2018 10:00:00 AM,12.44119,PGAE
5/16/2018 10:00:00 AM,11.57701,SCE
5/16/2018 10:00:00 AM,16.29945,SDGE
5/16/2018 10:00:00 AM,10.26512,VEA
5/16/2018 11:00:00 AM,11.45955,PGAE
5/16/2018 11:00:00 AM,12.71767,SCE
5/16/2018 11:00:00 AM,16.94045,SDGE
5/16/2018 11:00:00 AM,9.01063,VEA
5/16/2018 12:00:00 PM,11.02973,PGAE
5/16/2018 12:00:00 PM,10.29064,SCE
5/16/2018 12:00:00 PM,14.09929,SDGE
5/16/2018 12:00:00 PM,9.22627,VEA
5/16/2018 1:00:00 PM,9.60897,PGAE
5/16/2018 1:00:00 PM,14.45350,SCE
5/16/2018 1:00:00 PM,17.63606,SDGE
5/16/2018 1:00:00 PM,6.92818,VEA
5/16/2018 2:00:00 PM,10.86363,PGAE
5/16/2018 2:00:00 PM,12.06068,SCE
5/16/2018 2:00:00 PM,15.29089,SDGE
5/16/2018 2:00:00 PM,8.96841,VEA
5/16/2018 3:00:00 PM,10.15434,PGAE
5/16/2018 3:00:00 PM,10.89597,SCE
5/16/2018 3:00:00 PM,12.86436,SDGE
5/16/2018 3:00:00 PM,8.86593,VEA
5/16/2018 4:00:00 PM,12.17873,PGAE
5/16/2018 4:00:00 PM,11.89720,SCE
5/16/2018 4:00:00 PM,16.54152,SDGE
5/16/2018 4:00:00 PM,10.43161,VEA
5/16/2018 5:00:00 PM,17.06433,PGAE
5/16/2018 5:00:00 PM,17.25359,SCE
5/16/2018 5:00:00 PM,19.54125,SDGE
5/16/2018 5:00:00 PM,15.66428,VEA
5/16/2018 6:00:00 PM,28.52960,PGAE
5/16/2018 6:00:00 PM,31.74379,SCE
5/16/2018 6:00:00 PM,34.02053,SDGE
5/16/2018 6:00:00 PM,26.38230,VEA
5/16/2018 7:00:00 PM,41.12815,PGAE
5/16/2018 7:00:00 PM,47.07408,SCE
5/16/2018 7:00:00 PM,49.86649,SDGE
5/16/2018 7:00:00 PM,38.08645,VEA
5/16/2018 8:00:00 PM,53.12934,PGAE
5/16/2018 8:00:00 PM,63.09319,SCE
5/16/2018 8:00:00 PM,67.60041,SDGE
5/16/2018 8:00:00 PM,43.58284,VEA
5/16/2018 9:00:00 PM,41.20605,PGAE
5/16/2018 9:00:00 PM,46.06187,SCE
5/16/2018 9:00:00 PM,49.71788,SDGE
5/16/2018 9:00:00 PM,38.19381,VEA
5/16/2018 10:00:00 PM,30.01133,PGAE
5/16/2018 10:00:00 PM,31.75538,SCE
5/16/2018 10:00:00 PM,33.36113,SDGE
5/16/2018 10:00:00 PM,28.98299,VEA
5/16/2018 11:00:00 PM,22.53000,PGAE
5/16/2018 11:00:00 PM,22.38576,SCE
5/16/2018 11:00:00 PM,23.44725,SDGE
5/16/2018 11:00:00 PM,21.83587,VEA
5/17/2018 12:00:00 AM,12.54220,PGAE
5/17/2018 12:00:00 AM,12.51076,SCE
5/17/2018 12:00:00 AM,16.65925,SDGE
5/17/2018 12:00:00 AM,11.40215,VEA
5/17/2018 1:00:00 AM,10.54497,PGAE
5/17/2018 1:00:00 AM,10.49006,SCE
5/17/2018 1:00:00 AM,14.43280,SDGE
5/17/2018 1:00:00 AM,9.47480,VEA
5/17/2018 2:00:00 AM,8.51570,PGAE
5/17/2018 2:00:00 AM,8.46882,SCE
5/17/2018 2:00:00 AM,10.94216,SDGE
5/17/2018 2:00:00 AM,7.80060,VEA
5/17/2018 3:00:00 AM,7.24448,PGAE
5/17/2018 3:00:00 AM,7.19810,SCE
5/17/2018 3:00:00 AM,9.90428,SDGE
5/17/2018 3:00:00 AM,6.50116,VEA
5/17/2018 4:00:00 AM,12.74785,PGAE
5/17/2018 4:00:00 AM,12.68404,SCE
5/17/2018 4:00:00 AM,16.71401,SDGE
5/17/2018 4:00:00 AM,11.59927,VEA
5/17/2018 5:00:00 AM,27.37033,PGAE
5/17/2018 5:00:00 AM,27.28533,SCE
5/17/2018 5:00:00 AM,28.45032,SDGE
5/17/2018 5:00:00 AM,26.53857,VEA
5/17/2018 6:00:00 AM,29.69534,PGAE
5/17/2018 6:00:00 AM,29.26038,SCE
5/17/2018 6:00:00 AM,32.93485,SDGE
5/17/2018 6:00:00 AM,27.96575,VEA
5/17/2018 7:00:00 AM,18.50425,PGAE
5/17/2018 7:00:00 AM,17.97895,SCE
5/17/2018 7:00:00 AM,30.03000,SDGE
5/17/2018 7:00:00 AM,14.95186,VEA
5/17/2018 8:00:00 AM,10.66128,PGAE
5/17/2018 8:00:00 AM,10.11106,SCE
5/17/2018 8:00:00 AM,26.10828,SDGE
5/17/2018 8:00:00 AM,6.32588,VEA
5/17/2018 9:00:00 AM,8.68038,PGAE
5/17/2018 9:00:00 AM,8.14627,SCE
5/17/2018 9:00:00 AM,22.78800,SDGE
5/17/2018 9:00:00 AM,4.67110,VEA
5/17/2018 10:00:00 AM,5.47024,PGAE
5/17/2018 10:00:00 AM,5.12249,SCE
5/17/2018 10:00:00 AM,18.82867,SDGE
5/17/2018 10:00:00 AM,2.03291,VEA
5/17/2018 11:00:00 AM,5.93008,PGAE
5/17/2018 11:00:00 AM,4.59484,SCE
5/17/2018 11:00:00 AM,15.64000,SDGE
5/17/2018 11:00:00 AM,0.39340,VEA
5/17/2018 12:00:00 PM,6.01382,PGAE
5/17/2018 12:00:00 PM,2.10902,SCE
5/17/2018 12:00:00 PM,12.51633,SDGE
5/17/2018 12:00:00 PM,0.08490,VEA
5/17/2018 1:00:00 PM,7.80096,PGAE
5/17/2018 1:00:00 PM,10.42554,SCE
5/17/2018 1:00:00 PM,16.19565,SDGE
5/17/2018 1:00:00 PM,-0.59898,VEA
5/17/2018 2:00:00 PM,6.34038,PGAE
5/17/2018 2:00:00 PM,7.26660,SCE
5/17/2018 2:00:00 PM,10.34237,SDGE
5/17/2018 2:00:00 PM,2.34648,VEA
5/17/2018 3:00:00 PM,5.02074,PGAE
5/17/2018 3:00:00 PM,7.89925,SCE
5/17/2018 3:00:00 PM,11.81835,SDGE
5/17/2018 3:00:00 PM,3.15309,VEA
5/17/2018 4:00:00 PM,6.53570,PGAE
5/17/2018 4:00:00 PM,8.60864,SCE
5/17/2018 4:00:00 PM,9.95534,SDGE
5/17/2018 4:00:00 PM,5.28161,VEA
5/17/2018 5:00:00 PM,11.18971,PGAE
5/17/2018 5:00:00 PM,14.90451,SCE
5/17/2018 5:00:00 PM,15.49416,SDGE
5/17/2018 5:00:00 PM,9.73073,VEA
5/17/2018 6:00:00 PM,25.91320,PGAE
5/17/2018 6:00:00 PM,28.13252,SCE
5/17/2018 6:00:00 PM,29.64885,SDGE
5/17/2018 6:00:00 PM,24.23117,VEA
5/17/2018 7:00:00 PM,42.37166,PGAE
5/17/2018 7:00:00 PM,44.99090,SCE
5/17/2018 7:00:00 PM,47.09283,SDGE
5/17/2018 7:00:00 PM,38.48117,VEA
5/17/2018 8:00:00 PM,55.73000,PGAE
5/17/2018 8:00:00 PM,58.48685,SCE
5/17/2018 8:00:00 PM,61.74429,SDGE
5/17/2018 8:00:00 PM,46.78401,VEA
5/17/2018 9:00:00 PM,42.09681,PGAE
5/17/2018 9:00:00 PM,44.31007,SCE
5/17/2018 9:00:00 PM,45.90049,SDGE
5/17/2018 9:00:00 PM,39.70801,VEA
5/17/2018 10:00:00 PM,27.37241,PGAE
5/17/2018 10:00:00 PM,28.07145,SCE
5/17/2018 10:00:00 PM,29.31401,SDGE
5/17/2018 10:00:00 PM,26.41831,VEA
5/17/2018 11:00:00 PM,18.76490,PGAE
5/17/2018 11:00:00 PM,18.73854,SCE
5/17/2018 11:00:00 PM,19.79743,SDGE
5/17/2018 11:00:00 PM,18.21374,VEA
5/18/2018 12:00:00 AM,13.66298,PGAE
5/18/2018 12:00:00 AM,13.62599,SCE
5/18/2018 12:00:00 AM,14.27537,SDGE
5/18/2018 12:00:00 AM,13.32459,VEA
5/18/2018 1:00:00 AM,11.55000,PGAE
5/18/2018 1:00:00 AM,11.49334,SCE
5/18/2018 1:00:00 AM,12.54112,SDGE
5/18/2018 1:00:00 AM,11.11736,VEA
5/18/2018 2:00:00 AM,9.60000,PGAE
5/18/2018 2:00:00 AM,9.51752,SCE
5/18/2018 2:00:00 AM,9.90881,SDGE
5/18/2018 2:00:00 AM,9.32571,VEA
5/18/2018 3:00:00 AM,8.00810,PGAE
5/18/2018 3:00:00 AM,7.91862,SCE
5/18/2018 3:00:00 AM,8.23738,SDGE
5/18/2018 3:00:00 AM,7.76763,VEA
5/18/2018 4:00:00 AM,9.62022,PGAE
5/18/2018 4:00:00 AM,9.57014,SCE
5/18/2018 4:00:00 AM,9.99101,SDGE
5/18/2018 4:00:00 AM,9.37945,VEA
5/18/2018 5:00:00 AM,20.38011,PGAE
5/18/2018 5:00:00 AM,20.34945,SCE
5/18/2018 5:00:00 AM,21.21216,SDGE
5/18/2018 5:00:00 AM,19.90583,VEA
5/18/2018 6:00:00 AM,25.94320,PGAE
5/18/2018 6:00:00 AM,25.67371,SCE
5/18/2018 6:00:00 AM,30.06499,SDGE
5/18/2018 6:00:00 AM,24.36420,VEA
5/18/2018 7:00:00 AM,13.61403,PGAE
5/18/2018 7:00:00 AM,13.24889,SCE
5/18/2018 7:00:00 AM,24.78549,SDGE
5/18/2018 7:00:00 AM,10.48230,VEA
5/18/2018 8:00:00 AM,8.54409,PGAE
5/18/2018 8:00:00 AM,8.13647,SCE
5/18/2018 8:00:00 AM,18.47130,SDGE
5/18/2018 8:00:00 AM,5.71093,VEA
5/18/2018 9:00:00 AM,5.34355,PGAE
5/18/2018 9:00:00 AM,5.08185,SCE
5/18/2018 9:00:00 AM,12.63254,SDGE
5/18/2018 9:00:00 AM,3.34685,VEA
5/18/2018 10:00:00 AM,5.71537,PGAE
5/18/2018 10:00:00 AM,5.45837,SCE
5/18/2018 10:00:00 AM,13.76548,SDGE
5/18/2018 10:00:00 AM,3.54178,VEA
5/18/2018 11:00:00 AM,7.13000,PGAE
5/18/2018 11:00:00 AM,10.34351,SCE
5/18/2018 11:00:00 AM,21.23953,SDGE
5/18/2018 11:00:00 AM,3.68498,VEA
5/18/2018 12:00:00 PM,7.46086,PGAE
5/18/2018 12:00:00 PM,7.19424,SCE
5/18/2018 12:00:00 PM,17.35063,SDGE
5/18/2018 12:00:00 PM,4.91440,VEA
5/18/2018 1:00:00 PM,8.59935,PGAE
5/18/2018 1:00:00 PM,14.08781,SCE
5/18/2018 1:00:00 PM,21.04415,SDGE
5/18/2018 1:00:00 PM,5.47824,VEA
5/18/2018 2:00:00 PM,10.61564,PGAE
5/18/2018 2:00:00 PM,11.62516,SCE
5/18/2018 2:00:00 PM,15.89360,SDGE
5/18/2018 2:00:00 PM,8.83654,VEA
5/18/2018 3:00:00 PM,8.48872,PGAE
5/18/2018 3:00:00 PM,8.22058,SCE
5/18/2018 3:00:00 PM,8.90678,SDGE
5/18/2018 3:00:00 PM,8.00757,VEA
5/18/2018 4:00:00 PM,9.99584,PGAE
5/18/2018 4:00:00 PM,9.67791,SCE
5/18/2018 4:00:00 PM,9.96139,SDGE
5/18/2018 4:00:00 PM,9.44068,VEA
5/18/2018 5:00:00 PM,13.48673,PGAE
5/18/2018 5:00:00 PM,13.32545,SCE
5/18/2018 5:00:00 PM,13.78912,SDGE
5/18/2018 5:00:00 PM,13.00290,VEA
5/18/2018 6:00:00 PM,27.87788,PGAE
5/18/2018 6:00:00 PM,27.78575,SCE
5/18/2018 6:00:00 PM,28.77411,SDGE
5/18/2018 6:00:00 PM,27.14359,VEA
5/18/2018 7:00:00 PM,39.56405,PGAE
5/18/2018 7:00:00 PM,41.50650,SCE
5/18/2018 7:00:00 PM,45.19905,SDGE
5/18/2018 7:00:00 PM,38.27891,VEA
5/18/2018 8:00:00 PM,52.94832,PGAE
5/18/2018 8:00:00 PM,55.64658,SCE
5/18/2018 8:00:00 PM,55.92664,SDGE
5/18/2018 8:00:00 PM,51.27824,VEA
5/18/2018 9:00:00 PM,39.87245,PGAE
5/18/2018 9:00:00 PM,41.80904,SCE
5/18/2018 9:00:00 PM,42.00575,SDGE
5/18/2018 9:00:00 PM,38.54057,VEA
5/18/2018 10:00:00 PM,29.25086,PGAE
5/18/2018 10:00:00 PM,29.31543,SCE
5/18/2018 10:00:00 PM,30.08735,SDGE
5/18/2018 10:00:00 PM,28.58753,VEA
5/18/2018 11:00:00 PM,23.51054,PGAE
5/18/2018 11:00:00 PM,23.78477,SCE
5/18/2018 11:00:00 PM,25.17212,SDGE
5/18/2018 11:00:00 PM,23.17866,VEA
5/19/2018 12:00:00 AM,18.36715,PGAE
5/19/2018 12:00:00 AM,19.23737,SCE
5/19/2018 12:00:00 AM,27.32851,SDGE
5/19/2018 12:00:00 AM,17.47312,VEA
5/19/2018 1:00:00 AM,15.28041,PGAE
5/19/2018 1:00:00 AM,15.62732,SCE
5/19/2018 1:00:00 AM,19.34438,SDGE
5/19/2018 1:00:00 AM,14.73353,VEA
5/19/2018 2:00:00 AM,12.62879,PGAE
5/19/2018 2:00:00 AM,12.78694,SCE
5/19/2018 2:00:00 AM,14.78167,SDGE
5/19/2018 2:00:00 AM,12.27294,VEA
5/19/2018 3:00:00 AM,10.40501,PGAE
5/19/2018 3:00:00 AM,10.42171,SCE
5/19/2018 3:00:00 AM,10.70981,SDGE
5/19/2018 3:00:00 AM,10.24948,VEA
5/19/2018 4:00:00 AM,12.08552,PGAE
5/19/2018 4:00:00 AM,12.15723,SCE
5/19/2018 4:00:00 AM,12.48051,SDGE
5/19/2018 4:00:00 AM,11.96642,VEA
5/19/2018 5:00:00 AM,17.21710,PGAE
5/19/2018 5:00:00 AM,17.42132,SCE
5/19/2018 5:00:00 AM,18.23553,SDGE
5/19/2018 5:00:00 AM,17.05051,VEA
5/19/2018 6:00:00 AM,15.15662,PGAE
5/19/2018 6:00:00 AM,16.56243,SCE
5/19/2018 6:00:00 AM,31.73214,SDGE
5/19/2018 6:00:00 AM,13.68003,VEA
5/19/2018 7:00:00 AM,7.82233,PGAE
5/19/2018 7:00:00 AM,9.72415,SCE
5/19/2018 7:00:00 AM,33.65020,SDGE
5/19/2018 7:00:00 AM,5.37689,VEA
5/19/2018 8:00:00 AM,0.06740,PGAE
5/19/2018 8:00:00 AM,0.96345,SCE
5/19/2018 8:00:00 AM,12.05244,SDGE
5/19/2018 8:00:00 AM,-1.01478,VEA
5/19/2018 9:00:00 AM,-0.10582,PGAE
5/19/2018 9:00:00 AM,0.37165,SCE
5/19/2018 9:00:00 AM,6.11113,SDGE
5/19/2018 9:00:00 AM,-0.65176,VEA
5/19/2018 10:00:00 AM,0.02113,PGAE
5/19/2018 10:00:00 AM,0.29289,SCE
5/19/2018 10:00:00 AM,3.76099,SDGE
5/19/2018 10:00:00 AM,-0.31917,VEA
5/19/2018 11:00:00 AM,0.44798,PGAE
5/19/2018 11:00:00 AM,0.49347,SCE
5/19/2018 11:00:00 AM,1.30332,SDGE
5/19/2018 11:00:00 AM,0.34577,VEA
5/19/2018 12:00:00 PM,0.01085,PGAE
5/19/2018 12:00:00 PM,0.01047,SCE
5/19/2018 12:00:00 PM,0.01066,SDGE
5/19/2018 12:00:00 PM,0.01025,VEA
5/19/2018 1:00:00 PM,0.01049,PGAE
5/19/2018 1:00:00 PM,0.01014,SCE
5/19/2018 1:00:00 PM,0.01031,SDGE
5/19/2018 1:00:00 PM,0.00992,VEA
5/19/2018 2:00:00 PM,0.00000,PGAE
5/19/2018 2:00:00 PM,0.00000,SCE
5/19/2018 2:00:00 PM,0.00000,SDGE
5/19/2018 2:00:00 PM,0.00000,VEA
5/19/2018 3:00:00 PM,0.00000,PGAE
5/19/2018 3:00:00 PM,0.00000,SCE
5/19/2018 3:00:00 PM,0.00000,SDGE
5/19/2018 3:00:00 PM,0.00000,VEA
5/19/2018 4:00:00 PM,1.57104,PGAE
5/19/2018 4:00:00 PM,1.53333,SCE
5/19/2018 4:00:00 PM,1.57011,SDGE
5/19/2018 4:00:00 PM,1.50291,VEA
5/19/2018 5:00:00 PM,13.01026,PGAE
5/19/2018 5:00:00 PM,12.88454,SCE
5/19/2018 5:00:00 PM,13.21894,SDGE
5/19/2018 5:00:00 PM,12.62014,VEA
5/19/2018 6:00:00 PM,28.93616,PGAE
5/19/2018 6:00:00 PM,29.05823,SCE
5/19/2018 6:00:00 PM,29.92724,SDGE
5/19/2018 6:00:00 PM,28.47404,VEA
5/19/2018 7:00:00 PM,38.93154,PGAE
5/19/2018 7:00:00 PM,39.35624,SCE
5/19/2018 7:00:00 PM,40.62013,SDGE
5/19/2018 7:00:00 PM,38.45060,VEA
5/19/2018 8:00:00 PM,52.42406,PGAE
5/19/2018 8:00:00 PM,52.79418,SCE
5/19/2018 8:00:00 PM,54.45815,SDGE
5/19/2018 8:00:00 PM,51.37221,VEA
5/19/2018 9:00:00 PM,42.03626,PGAE
5/19/2018 9:00:00 PM,41.97732,SCE
5/19/2018 9:00:00 PM,43.30358,SDGE
5/19/2018 9:00:00 PM,41.15209,VEA
5/19/2018 10:00:00 PM,33.63779,PGAE
5/19/2018 10:00:00 PM,33.80000,SCE
5/19/2018 10:00:00 PM,34.78338,SDGE
5/19/2018 10:00:00 PM,33.05655,VEA
5/19/2018 11:00:00 PM,22.97974,PGAE
5/19/2018 11:00:00 PM,23.11367,SCE
5/19/2018 11:00:00 PM,23.69331,SDGE
5/19/2018 11:00:00 PM,22.65874,VEA
5/20/2018 12:00:00 AM,17.10767,PGAE
5/20/2018 12:00:00 AM,17.08712,SCE
5/20/2018 12:00:00 AM,17.51699,SDGE
5/20/2018 12:00:00 AM,16.77199,VEA
5/20/2018 1:00:00 AM,11.44587,PGAE
5/20/2018 1:00:00 AM,11.42292,SCE
5/20/2018 1:00:00 AM,11.80636,SDGE
5/20/2018 1:00:00 AM,11.20424,VEA
5/20/2018 2:00:00 AM,7.33339,PGAE
5/20/2018 2:00:00 AM,7.36046,SCE
5/20/2018 2:00:00 AM,8.53241,SDGE
5/20/2018 2:00:00 AM,7.06145,VEA
5/20/2018 3:00:00 AM,5.50129,PGAE
5/20/2018 3:00:00 AM,5.55374,SCE
5/20/2018 3:00:00 AM,6.86686,SDGE
5/20/2018 3:00:00 AM,5.26186,VEA
5/20/2018 4:00:00 AM,6.16574,PGAE
5/20/2018 4:00:00 AM,6.13001,SCE
5/20/2018 4:00:00 AM,6.29452,SDGE
5/20/2018 4:00:00 AM,6.04251,VEA
5/20/2018 5:00:00 AM,8.29160,PGAE
5/20/2018 5:00:00 AM,8.25185,SCE
5/20/2018 5:00:00 AM,8.68048,SDGE
5/20/2018 5:00:00 AM,8.08566,VEA
5/20/2018 6:00:00 AM,7.19551,PGAE
5/20/2018 6:00:00 AM,8.54899,SCE
5/20/2018 6:00:00 AM,25.60092,SDGE
5/20/2018 6:00:00 AM,5.50174,VEA
5/20/2018 7:00:00 AM,0.16935,PGAE
5/20/2018 7:00:00 AM,1.09896,SCE
5/20/2018 7:00:00 AM,12.68897,SDGE
5/20/2018 7:00:00 AM,-0.91872,VEA
5/20/2018 8:00:00 AM,-2.59555,PGAE
5/20/2018 8:00:00 AM,-2.09613,SCE
5/20/2018 8:00:00 AM,2.39299,SDGE
5/20/2018 8:00:00 AM,-2.85882,VEA
5/20/2018 9:00:00 AM,-5.14219,PGAE
5/20/2018 9:00:00 AM,-4.43079,SCE
5/20/2018 9:00:00 AM,1.32686,SDGE
5/20/2018 9:00:00 AM,-5.37696,VEA
5/20/2018 10:00:00 AM,-4.67404,PGAE
5/20/2018 10:00:00 AM,-4.14481,SCE
5/20/2018 10:00:00 AM,-0.12046,SDGE
5/20/2018 10:00:00 AM,-4.76673,VEA
5/20/2018 11:00:00 AM,-4.44431,PGAE
5/20/2018 11:00:00 AM,-4.05893,SCE
5/20/2018 11:00:00 AM,-1.95539,SDGE
5/20/2018 11:00:00 AM,-4.35833,VEA
5/20/2018 12:00:00 PM,-5.22849,PGAE
5/20/2018 12:00:00 PM,-4.84159,SCE
5/20/2018 12:00:00 PM,-2.84296,SDGE
5/20/2018 12:00:00 PM,-5.10748,VEA
5/20/2018 1:00:00 PM,-3.68836,PGAE
5/20/2018 1:00:00 PM,-3.41906,SCE
5/20/2018 1:00:00 PM,-1.89369,SDGE
5/20/2018 1:00:00 PM,-3.61913,VEA
5/20/2018 2:00:00 PM,-1.05779,PGAE
5/20/2018 2:00:00 PM,-1.00052,SCE
5/20/2018 2:00:00 PM,-0.78141,SDGE
5/20/2018 2:00:00 PM,-1.02207,VEA
5/20/2018 3:00:00 PM,0.00000,PGAE
5/20/2018 3:00:00 PM,0.00000,SCE
5/20/2018 3:00:00 PM,0.00000,SDGE
5/20/2018 3:00:00 PM,0.00000,VEA
5/20/2018 4:00:00 PM,0.67895,PGAE
5/20/2018 4:00:00 PM,0.65956,SCE
5/20/2018 4:00:00 PM,0.67527,SDGE
5/20/2018 4:00:00 PM,0.64672,VEA
5/20/2018 5:00:00 PM,9.53517,PGAE
5/20/2018 5:00:00 PM,9.42413,SCE
5/20/2018 5:00:00 PM,9.70600,SDGE
5/20/2018 5:00:00 PM,9.22862,VEA
5/20/2018 6:00:00 PM,33.08614,PGAE
5/20/2018 6:00:00 PM,33.96629,SCE
5/20/2018 6:00:00 PM,34.69388,SDGE
5/20/2018 6:00:00 PM,32.50872,VEA
5/20/2018 7:00:00 PM,37.79320,PGAE
5/20/2018 7:00:00 PM,37.85386,SCE
5/20/2018 7:00:00 PM,39.14282,SDGE
5/20/2018 7:00:00 PM,37.03120,VEA
5/20/2018 8:00:00 PM,52.92292,PGAE
5/20/2018 8:00:00 PM,52.72705,SCE
5/20/2018 8:00:00 PM,54.54285,SDGE
5/20/2018 8:00:00 PM,51.57828,VEA
5/20/2018 9:00:00 PM,38.75271,PGAE
5/20/2018 9:00:00 PM,38.69063,SCE
5/20/2018 9:00:00 PM,39.92832,SDGE
5/20/2018 9:00:00 PM,37.80600,VEA
5/20/2018 10:00:00 PM,27.56530,PGAE
5/20/2018 10:00:00 PM,27.73427,SCE
5/20/2018 10:00:00 PM,28.54037,SDGE
5/20/2018 10:00:00 PM,27.13870,VEA
5/20/2018 11:00:00 PM,17.97418,PGAE
5/20/2018 11:00:00 PM,17.96338,SCE
5/20/2018 11:00:00 PM,18.43316,SDGE
5/20/2018 11:00:00 PM,17.62139,VEA
5/21/2018 12:00:00 AM,15.46104,PGAE
5/21/2018 12:00:00 AM,15.33306,SCE
5/21/2018 12:00:00 AM,15.69079,SDGE
5/21/2018 12:00:00 AM,15.06168,VEA
5/21/2018 1:00:00 AM,15.10964,PGAE
5/21/2018 1:00:00 AM,14.98756,SCE
5/21/2018 1:00:00 AM,15.31010,SDGE
5/21/2018 1:00:00 AM,14.72832,VEA
5/21/2018 2:00:00 AM,14.37408,PGAE
5/21/2018 2:00:00 AM,14.24365,SCE
5/21/2018 2:00:00 AM,14.54607,SDGE
5/21/2018 2:00:00 AM,14.02437,VEA
5/21/2018 3:00:00 AM,15.05783,PGAE
5/21/2018 3:00:00 AM,14.94363,SCE
5/21/2018 3:00:00 AM,15.25768,SDGE
5/21/2018 3:00:00 AM,14.70621,VEA
5/21/2018 4:00:00 AM,21.03081,PGAE
5/21/2018 4:00:00 AM,21.01817,SCE
5/21/2018 4:00:00 AM,21.40572,SDGE
5/21/2018 4:00:00 AM,20.63484,VEA
5/21/2018 5:00:00 AM,27.52322,PGAE
5/21/2018 5:00:00 AM,27.24887,SCE
5/21/2018 5:00:00 AM,27.83599,SDGE
5/21/2018 5:00:00 AM,26.81539,VEA
5/21/2018 6:00:00 AM,29.60339,PGAE
5/21/2018 6:00:00 AM,29.54706,SCE
5/21/2018 6:00:00 AM,30.30308,SDGE
5/21/2018 6:00:00 AM,28.96596,VEA
5/21/2018 7:00:00 AM,26.17885,PGAE
5/21/2018 7:00:00 AM,25.63617,SCE
5/21/2018 7:00:00 AM,26.45150,SDGE
5/21/2018 7:00:00 AM,25.09348,VEA
5/21/2018 8:00:00 AM,20.95317,PGAE
5/21/2018 8:00:00 AM,20.04520,SCE
5/21/2018 8:00:00 AM,20.52481,SDGE
5/21/2018 8:00:00 AM,19.56559,VEA
5/21/2018 9:00:00 AM,15.02526,PGAE
5/21/2018 9:00:00 AM,14.79817,SCE
5/21/2018 9:00:00 AM,17.12278,SDGE
5/21/2018 9:00:00 AM,14.02891,VEA
5/21/2018 10:00:00 AM,15.17614,PGAE
5/21/2018 10:00:00 AM,15.17679,SCE
5/21/2018 10:00:00 AM,20.73000,SDGE
5/21/2018 10:00:00 AM,13.76399,VEA
5/21/2018 11:00:00 AM,15.23122,PGAE
5/21/2018 11:00:00 AM,15.45938,SCE
5/21/2018 11:00:00 AM,24.02000,SDGE
5/21/2018 11:00:00 AM,13.55031,VEA
5/21/2018 12:00:00 PM,15.17810,PGAE
5/21/2018 12:00:00 PM,15.13168,SCE
5/21/2018 12:00:00 PM,20.10214,SDGE
5/21/2018 12:00:00 PM,13.85917,VEA
5/21/2018 1:00:00 PM,15.31834,PGAE
5/21/2018 1:00:00 PM,15.28748,SCE
5/21/2018 1:00:00 PM,17.13867,SDGE
5/21/2018 1:00:00 PM,14.28041,VEA
5/21/2018 2:00:00 PM,15.06943,PGAE
5/21/2018 2:00:00 PM,16.10599,SCE
5/21/2018 2:00:00 PM,15.99182,SDGE
5/21/2018 2:00:00 PM,14.05907,VEA
5/21/2018 3:00:00 PM,15.65217,PGAE
5/21/2018 3:00:00 PM,15.18193,SCE
5/21/2018 3:00:00 PM,15.49029,SDGE
5/21/2018 3:00:00 PM,14.76411,VEA
5/21/2018 4:00:00 PM,17.93594,PGAE
5/21/2018 4:00:00 PM,18.32910,SCE
5/21/2018 4:00:00 PM,18.34841,SDGE
5/21/2018 4:00:00 PM,16.72440,VEA
5/21/2018 5:00:00 PM,24.01349,PGAE
5/21/2018 5:00:00 PM,24.09176,SCE
5/21/2018 5:00:00 PM,24.56459,SDGE
5/21/2018 5:00:00 PM,22.73027,VEA
5/21/2018 6:00:00 PM,31.73711,PGAE
5/21/2018 6:00:00 PM,31.14472,SCE
5/21/2018 6:00:00 PM,32.22552,SDGE
5/21/2018 6:00:00 PM,30.40423,VEA
5/21/2018 7:00:00 PM,40.98457,PGAE
5/21/2018 7:00:00 PM,40.57162,SCE
5/21/2018 7:00:00 PM,42.06397,SDGE
5/21/2018 7:00:00 PM,39.61896,VEA
5/21/2018 8:00:00 PM,59.41848,PGAE
5/21/2018 8:00:00 PM,58.79065,SCE
5/21/2018 8:00:00 PM,60.69190,SDGE
5/21/2018 8:00:00 PM,57.38100,VEA
5/21/2018 9:00:00 PM,39.39000,PGAE
5/21/2018 9:00:00 PM,40.27260,SCE
5/21/2018 9:00:00 PM,41.08707,SDGE
5/21/2018 9:00:00 PM,38.12889,VEA
5/21/2018 10:00:00 PM,26.78437,PGAE
5/21/2018 10:00:00 PM,26.69864,SCE
5/21/2018 10:00:00 PM,27.46222,SDGE
5/21/2018 10:00:00 PM,26.08509,VEA
5/21/2018 11:00:00 PM,22.39079,PGAE
5/21/2018 11:00:00 PM,22.11441,SCE
5/21/2018 11:00:00 PM,22.75854,SDGE
5/21/2018 11:00:00 PM,21.72214,VEA
5/22/2018 12:00:00 AM,19.99234,PGAE
5/22/2018 12:00:00 AM,19.61386,SCE
5/22/2018 12:00:00 AM,20.08548,SDGE
5/22/2018 12:00:00 AM,19.30076,VEA
5/22/2018 1:00:00 AM,18.70305,PGAE
5/22/2018 1:00:00 AM,18.34352,SCE
5/22/2018 1:00:00 AM,18.73826,SDGE
5/22/2018 1:00:00 AM,18.03402,VEA
5/22/2018 2:00:00 AM,18.36896,PGAE
5/22/2018 2:00:00 AM,18.01403,SCE
5/22/2018 2:00:00 AM,18.40172,SDGE
5/22/2018 2:00:00 AM,17.72645,VEA
5/22/2018 3:00:00 AM,18.49824,PGAE
5/22/2018 3:00:00 AM,18.12633,SCE
5/22/2018 3:00:00 AM,18.51106,SDGE
5/22/2018 3:00:00 AM,17.84053,VEA
5/22/2018 4:00:00 AM,21.53545,PGAE
5/22/2018 4:00:00 AM,21.18707,SCE
5/22/2018 4:00:00 AM,21.59530,SDGE
5/22/2018 4:00:00 AM,20.83655,VEA
5/22/2018 5:00:00 AM,28.64649,PGAE
5/22/2018 5:00:00 AM,28.15185,SCE
5/22/2018 5:00:00 AM,28.81706,SDGE
5/22/2018 5:00:00 AM,27.66290,VEA
5/22/2018 6:00:00 AM,32.15860,PGAE
5/22/2018 6:00:00 AM,31.79524,SCE
5/22/2018 6:00:00 AM,36.12572,SDGE
5/22/2018 6:00:00 AM,30.55872,VEA
5/22/2018 7:00:00 AM,26.39836,PGAE
5/22/2018 7:00:00 AM,26.06739,SCE
5/22/2018 7:00:00 AM,32.90638,SDGE
5/22/2018 7:00:00 AM,24.44726,VEA
5/22/2018 8:00:00 AM,20.01724,PGAE
5/22/2018 8:00:00 AM,19.70264,SCE
5/22/2018 8:00:00 AM,23.99000,SDGE
5/22/2018 8:00:00 AM,18.56340,VEA
5/22/2018 9:00:00 AM,19.00562,PGAE
5/22/2018 9:00:00 AM,18.31574,SCE
5/22/2018 9:00:00 AM,20.43002,SDGE
5/22/2018 9:00:00 AM,17.62356,VEA
5/22/2018 10:00:00 AM,19.16733,PGAE
5/22/2018 10:00:00 AM,18.59975,SCE
5/22/2018 10:00:00 AM,20.94616,SDGE
5/22/2018 10:00:00 AM,17.60886,VEA
5/22/2018 11:00:00 AM,19.56989,PGAE
5/22/2018 11:00:00 AM,18.92371,SCE
5/22/2018 11:00:00 AM,19.45472,SDGE
5/22/2018 11:00:00 AM,18.40820,VEA
5/22/2018 12:00:00 PM,18.97245,PGAE
5/22/2018 12:00:00 PM,18.33098,SCE
5/22/2018 12:00:00 PM,18.69473,SDGE
5/22/2018 12:00:00 PM,17.85957,VEA
5/22/2018 1:00:00 PM,19.63446,PGAE
5/22/2018 1:00:00 PM,19.06397,SCE
5/22/2018 1:00:00 PM,19.47009,SDGE
5/22/2018 1:00:00 PM,18.56117,VEA
5/22/2018 2:00:00 PM,18.68289,PGAE
5/22/2018 2:00:00 PM,18.09083,SCE
5/22/2018 2:00:00 PM,18.56338,SDGE
5/22/2018 2:00:00 PM,17.66610,VEA
5/22/2018 3:00:00 PM,19.06451,PGAE
5/22/2018 3:00:00 PM,18.37384,SCE
5/22/2018 3:00:00 PM,18.90600,SDGE
5/22/2018 3:00:00 PM,17.95255,VEA
5/22/2018 4:00:00 PM,20.16412,PGAE
5/22/2018 4:00:00 PM,19.56912,SCE
5/22/2018 4:00:00 PM,20.35515,SDGE
5/22/2018 4:00:00 PM,19.14925,VEA
5/22/2018 5:00:00 PM,23.87326,PGAE
5/22/2018 5:00:00 PM,23.95179,SCE
5/22/2018 5:00:00 PM,25.16188,SDGE
5/22/2018 5:00:00 PM,22.62833,VEA
5/22/2018 6:00:00 PM,31.03271,PGAE
5/22/2018 6:00:00 PM,33.07257,SCE
5/22/2018 6:00:00 PM,34.15906,SDGE
5/22/2018 6:00:00 PM,29.87422,VEA
5/22/2018 7:00:00 PM,38.91102,PGAE
5/22/2018 7:00:00 PM,39.75462,SCE
5/22/2018 7:00:00 PM,45.39016,SDGE
5/22/2018 7:00:00 PM,37.49828,VEA
5/22/2018 8:00:00 PM,52.08540,PGAE
5/22/2018 8:00:00 PM,54.07740,SCE
5/22/2018 8:00:00 PM,67.16956,SDGE
5/22/2018 8:00:00 PM,49.58257,VEA
5/22/2018 9:00:00 PM,38.65351,PGAE
5/22/2018 9:00:00 PM,40.01281,SCE
5/22/2018 9:00:00 PM,44.66852,SDGE
5/22/2018 9:00:00 PM,37.09504,VEA
5/22/2018 10:00:00 PM,28.50178,PGAE
5/22/2018 10:00:00 PM,28.54753,SCE
5/22/2018 10:00:00 PM,29.51102,SDGE
5/22/2018 10:00:00 PM,27.86136,VEA
5/22/2018 11:00:00 PM,24.06948,PGAE
5/22/2018 11:00:00 PM,23.92764,SCE
5/22/2018 11:00:00 PM,24.67050,SDGE
5/22/2018 11:00:00 PM,23.45644,VEA
5/23/2018 12:00:00 AM,23.61336,PGAE
5/23/2018 12:00:00 AM,23.33606,SCE
5/23/2018 12:00:00 AM,23.84602,SDGE
5/23/2018 12:00:00 AM,22.93655,VEA
5/23/2018 1:00:00 AM,20.63453,PGAE
5/23/2018 1:00:00 AM,20.27019,SCE
5/23/2018 1:00:00 AM,20.68980,SDGE
5/23/2018 1:00:00 AM,19.94269,VEA
5/23/2018 2:00:00 AM,18.71710,PGAE
5/23/2018 2:00:00 AM,18.39942,SCE
5/23/2018 2:00:00 AM,18.81556,SDGE
5/23/2018 2:00:00 AM,18.12076,VEA
5/23/2018 3:00:00 AM,18.53791,PGAE
5/23/2018 3:00:00 AM,18.27256,SCE
5/23/2018 3:00:00 AM,18.69086,SDGE
5/23/2018 3:00:00 AM,17.99983,VEA
5/23/2018 4:00:00 AM,21.36858,PGAE
5/23/2018 4:00:00 AM,21.15357,SCE
5/23/2018 4:00:00 AM,21.59636,SDGE
5/23/2018 4:00:00 AM,20.82361,VEA
5/23/2018 5:00:00 AM,27.54306,PGAE
5/23/2018 5:00:00 AM,27.11347,SCE
5/23/2018 5:00:00 AM,27.71271,SDGE
5/23/2018 5:00:00 AM,26.67020,VEA
5/23/2018 6:00:00 AM,33.91220,PGAE
5/23/2018 6:00:00 AM,33.23631,SCE
5/23/2018 6:00:00 AM,34.12068,SDGE
5/23/2018 6:00:00 AM,32.58732,VEA
5/23/2018 7:00:00 AM,27.58116,PGAE
5/23/2018 7:00:00 AM,27.14329,SCE
5/23/2018 7:00:00 AM,31.95171,SDGE
5/23/2018 7:00:00 AM,25.85963,VEA
5/23/2018 8:00:00 AM,21.46683,PGAE
5/23/2018 8:00:00 AM,21.20681,SCE
5/23/2018 8:00:00 AM,26.75297,SDGE
5/23/2018 8:00:00 AM,19.86639,VEA
5/23/2018 9:00:00 AM,20.86546,PGAE
5/23/2018 9:00:00 AM,20.43432,SCE
5/23/2018 9:00:00 AM,28.01000,SDGE
5/23/2018 9:00:00 AM,18.88525,VEA
5/23/2018 10:00:00 AM,20.75972,PGAE
5/23/2018 10:00:00 AM,20.00997,SCE
5/23/2018 10:00:00 AM,24.31780,SDGE
5/23/2018 10:00:00 AM,18.91257,VEA
5/23/2018 11:00:00 AM,20.67908,PGAE
5/23/2018 11:00:00 AM,19.95824,SCE
5/23/2018 11:00:00 AM,23.27493,SDGE
5/23/2018 11:00:00 AM,19.02582,VEA
5/23/2018 12:00:00 PM,19.44120,PGAE
5/23/2018 12:00:00 PM,18.80506,SCE
5/23/2018 12:00:00 PM,21.30092,SDGE
5/23/2018 12:00:00 PM,17.99659,VEA
5/23/2018 1:00:00 PM,19.37027,PGAE
5/23/2018 1:00:00 PM,18.71764,SCE
5/23/2018 1:00:00 PM,22.99981,SDGE
5/23/2018 1:00:00 PM,17.69072,VEA
5/23/2018 2:00:00 PM,20.67217,PGAE
5/23/2018 2:00:00 PM,20.01832,SCE
5/23/2018 2:00:00 PM,23.39367,SDGE
5/23/2018 2:00:00 PM,19.07370,VEA
5/23/2018 3:00:00 PM,20.48835,PGAE
5/23/2018 3:00:00 PM,19.73224,SCE
5/23/2018 3:00:00 PM,23.19805,SDGE
5/23/2018 3:00:00 PM,18.87893,VEA
5/23/2018 4:00:00 PM,22.35339,PGAE
5/23/2018 4:00:00 PM,21.80177,SCE
5/23/2018 4:00:00 PM,26.53440,SDGE
5/23/2018 4:00:00 PM,20.77460,VEA
5/23/2018 5:00:00 PM,25.72770,PGAE
5/23/2018 5:00:00 PM,25.48844,SCE
5/23/2018 5:00:00 PM,27.29739,SDGE
5/23/2018 5:00:00 PM,24.26537,VEA
5/23/2018 6:00:00 PM,32.55814,PGAE
5/23/2018 6:00:00 PM,32.80955,SCE
5/23/2018 6:00:00 PM,33.65848,SDGE
5/23/2018 6:00:00 PM,31.07788,VEA
5/23/2018 7:00:00 PM,40.64731,PGAE
5/23/2018 7:00:00 PM,40.59414,SCE
5/23/2018 7:00:00 PM,41.56955,SDGE
5/23/2018 7:00:00 PM,38.97224,VEA
5/23/2018 8:00:00 PM,54.05192,PGAE
5/23/2018 8:00:00 PM,54.05852,SCE
5/23/2018 8:00:00 PM,55.28514,SDGE
5/23/2018 8:00:00 PM,51.88449,VEA
5/23/2018 9:00:00 PM,40.41849,PGAE
5/23/2018 9:00:00 PM,40.46030,SCE
5/23/2018 9:00:00 PM,41.20142,SDGE
5/23/2018 9:00:00 PM,38.92649,VEA
5/23/2018 10:00:00 PM,30.47235,PGAE
5/23/2018 10:00:00 PM,30.19905,SCE
5/23/2018 10:00:00 PM,30.80030,SDGE
5/23/2018 10:00:00 PM,29.57047,VEA
5/23/2018 11:00:00 PM,24.41789,PGAE
5/23/2018 11:00:00 PM,24.04682,SCE
5/23/2018 11:00:00 PM,24.60464,SDGE
5/23/2018 11:00:00 PM,23.63937,VEA
5/24/2018 12:00:00 AM,25.59530,PGAE
5/24/2018 12:00:00 AM,24.66844,SCE
5/24/2018 12:00:00 AM,25.06280,SDGE
5/24/2018 12:00:00 AM,24.24143,VEA
5/24/2018 1:00:00 AM,24.28210,PGAE
5/24/2018 1:00:00 AM,23.38876,SCE
5/24/2018 1:00:00 AM,23.78898,SDGE
5/24/2018 1:00:00 AM,22.97425,VEA
5/24/2018 2:00:00 AM,23.16724,PGAE
5/24/2018 2:00:00 AM,22.37088,SCE
5/24/2018 2:00:00 AM,22.75995,SDGE
5/24/2018 2:00:00 AM,22.00000,VEA
5/24/2018 3:00:00 AM,22.23135,PGAE
5/24/2018 3:00:00 AM,21.55727,SCE
5/24/2018 3:00:00 AM,21.95121,SDGE
5/24/2018 3:00:00 AM,21.18960,VEA
5/24/2018 4:00:00 AM,25.17436,PGAE
5/24/2018 4:00:00 AM,24.36260,SCE
5/24/2018 4:00:00 AM,24.74868,SDGE
5/24/2018 4:00:00 AM,23.92950,VEA
5/24/2018 5:00:00 AM,30.55299,PGAE
5/24/2018 5:00:00 AM,29.65013,SCE
5/24/2018 5:00:00 AM,30.24301,SDGE
5/24/2018 5:00:00 AM,29.06627,VEA
5/24/2018 6:00:00 AM,34.54941,PGAE
5/24/2018 6:00:00 AM,33.24758,SCE
5/24/2018 6:00:00 AM,33.88908,SDGE
5/24/2018 6:00:00 AM,32.32261,VEA
5/24/2018 7:00:00 AM,27.13830,PGAE
5/24/2018 7:00:00 AM,27.15165,SCE
5/24/2018 7:00:00 AM,39.58647,SDGE
5/24/2018 7:00:00 AM,24.39009,VEA
5/24/2018 8:00:00 AM,22.58190,PGAE
5/24/2018 8:00:00 AM,22.12508,SCE
5/24/2018 8:00:00 AM,30.51000,SDGE
5/24/2018 8:00:00 AM,20.00922,VEA
5/24/2018 9:00:00 AM,22.30576,PGAE
5/24/2018 9:00:00 AM,21.95171,SCE
5/24/2018 9:00:00 AM,32.27017,SDGE
5/24/2018 9:00:00 AM,19.27229,VEA
5/24/2018 10:00:00 AM,20.74080,PGAE
5/24/2018 10:00:00 AM,20.03033,SCE
5/24/2018 10:00:00 AM,24.64000,SDGE
5/24/2018 10:00:00 AM,18.19675,VEA
5/24/2018 11:00:00 AM,19.76408,PGAE
5/24/2018 11:00:00 AM,22.08657,SCE
5/24/2018 11:00:00 AM,21.10856,SDGE
5/24/2018 11:00:00 AM,17.32995,VEA
5/24/2018 12:00:00 PM,19.71975,PGAE
5/24/2018 12:00:00 PM,20.63821,SCE
5/24/2018 12:00:00 PM,19.96867,SDGE
5/24/2018 12:00:00 PM,17.38801,VEA
5/24/2018 1:00:00 PM,16.47353,PGAE
5/24/2018 1:00:00 PM,20.07839,SCE
5/24/2018 1:00:00 PM,18.64536,SDGE
5/24/2018 1:00:00 PM,14.38998,VEA
5/24/2018 2:00:00 PM,16.25904,PGAE
5/24/2018 2:00:00 PM,18.47780,SCE
5/24/2018 2:00:00 PM,17.65247,SDGE
5/24/2018 2:00:00 PM,14.41878,VEA
5/24/2018 3:00:00 PM,20.06290,PGAE
5/24/2018 3:00:00 PM,21.40257,SCE
5/24/2018 3:00:00 PM,20.83042,SDGE
5/24/2018 3:00:00 PM,18.10501,VEA
5/24/2018 4:00:00 PM,20.59241,PGAE
5/24/2018 4:00:00 PM,22.34195,SCE
5/24/2018 4:00:00 PM,23.95268,SDGE
5/24/2018 4:00:00 PM,18.45718,VEA
5/24/2018 5:00:00 PM,25.97028,PGAE
5/24/2018 5:00:00 PM,27.35333,SCE
5/24/2018 5:00:00 PM,30.26444,SDGE
5/24/2018 5:00:00 PM,23.89859,VEA
5/24/2018 6:00:00 PM,34.03177,PGAE
5/24/2018 6:00:00 PM,35.08427,SCE
5/24/2018 6:00:00 PM,34.86102,SDGE
5/24/2018 6:00:00 PM,31.87381,VEA
5/24/2018 7:00:00 PM,45.70474,PGAE
5/24/2018 7:00:00 PM,44.72080,SCE
5/24/2018 7:00:00 PM,45.52939,SDGE
5/24/2018 7:00:00 PM,43.35192,VEA
5/24/2018 8:00:00 PM,59.03116,PGAE
5/24/2018 8:00:00 PM,58.15337,SCE
5/24/2018 8:00:00 PM,58.68029,SDGE
5/24/2018 8:00:00 PM,55.70169,VEA
5/24/2018 9:00:00 PM,43.95234,PGAE
5/24/2018 9:00:00 PM,44.13316,SCE
5/24/2018 9:00:00 PM,44.41473,SDGE
5/24/2018 9:00:00 PM,41.81054,VEA
5/24/2018 10:00:00 PM,35.03008,PGAE
5/24/2018 10:00:00 PM,34.22662,SCE
5/24/2018 10:00:00 PM,34.82575,SDGE
5/24/2018 10:00:00 PM,33.46819,VEA
5/24/2018 11:00:00 PM,27.05485,PGAE
5/24/2018 11:00:00 PM,26.10397,SCE
5/24/2018 11:00:00 PM,26.51035,SDGE
5/24/2018 11:00:00 PM,25.63650,VEA
5/25/2018 12:00:00 AM,23.10989,PGAE
5/25/2018 12:00:00 AM,22.25514,SCE
5/25/2018 12:00:00 AM,22.63150,SDGE
5/25/2018 12:00:00 AM,21.95813,VEA
5/25/2018 1:00:00 AM,20.99894,PGAE
5/25/2018 1:00:00 AM,20.39856,SCE
5/25/2018 1:00:00 AM,20.79398,SDGE
5/25/2018 1:00:00 AM,20.09836,VEA
5/25/2018 2:00:00 AM,20.30222,PGAE
5/25/2018 2:00:00 AM,19.78468,SCE
5/25/2018 2:00:00 AM,20.26611,SDGE
5/25/2018 2:00:00 AM,19.50586,VEA
5/25/2018 3:00:00 AM,20.29549,PGAE
5/25/2018 3:00:00 AM,19.78219,SCE
5/25/2018 3:00:00 AM,20.24536,SDGE
5/25/2018 3:00:00 AM,19.50549,VEA
5/25/2018 4:00:00 AM,22.41647,PGAE
5/25/2018 4:00:00 AM,21.86930,SCE
5/25/2018 4:00:00 AM,22.37217,SDGE
5/25/2018 4:00:00 AM,21.50821,VEA
5/25/2018 5:00:00 AM,31.38645,PGAE
5/25/2018 5:00:00 AM,30.48572,SCE
5/25/2018 5:00:00 AM,31.22549,SDGE
5/25/2018 5:00:00 AM,29.90070,VEA
5/25/2018 6:00:00 AM,34.50782,PGAE
5/25/2018 6:00:00 AM,33.15377,SCE
5/25/2018 6:00:00 AM,34.08129,SDGE
5/25/2018 6:00:00 AM,32.45983,VEA
5/25/2018 7:00:00 AM,28.54941,PGAE
5/25/2018 7:00:00 AM,27.59657,SCE
5/25/2018 7:00:00 AM,33.38182,SDGE
5/25/2018 7:00:00 AM,26.01557,VEA
5/25/2018 8:00:00 AM,22.91743,PGAE
5/25/2018 8:00:00 AM,21.58534,SCE
5/25/2018 8:00:00 AM,22.85821,SDGE
5/25/2018 8:00:00 AM,20.65162,VEA
5/25/2018 9:00:00 AM,21.89011,PGAE
5/25/2018 9:00:00 AM,20.49513,SCE
5/25/2018 9:00:00 AM,20.95562,SDGE
5/25/2018 9:00:00 AM,19.47129,VEA
5/25/2018 10:00:00 AM,20.77853,PGAE
5/25/2018 10:00:00 AM,19.58321,SCE
5/25/2018 10:00:00 AM,22.26074,SDGE
5/25/2018 10:00:00 AM,17.69658,VEA
5/25/2018 11:00:00 AM,18.08301,PGAE
5/25/2018 11:00:00 AM,16.84383,SCE
5/25/2018 11:00:00 AM,16.82485,SDGE
5/25/2018 11:00:00 AM,15.70136,VEA
5/25/2018 12:00:00 PM,16.86684,PGAE
5/25/2018 12:00:00 PM,15.66681,SCE
5/25/2018 12:00:00 PM,15.65528,SDGE
5/25/2018 12:00:00 PM,14.82051,VEA
5/25/2018 1:00:00 PM,16.48706,PGAE
5/25/2018 1:00:00 PM,13.47970,SCE
5/25/2018 1:00:00 PM,13.71954,SDGE
5/25/2018 1:00:00 PM,13.22737,VEA
5/25/2018 2:00:00 PM,14.40544,PGAE
5/25/2018 2:00:00 PM,13.11436,SCE
5/25/2018 2:00:00 PM,13.15999,SDGE
5/25/2018 2:00:00 PM,12.56137,VEA
5/25/2018 3:00:00 PM,13.33659,PGAE
5/25/2018 3:00:00 PM,12.56568,SCE
5/25/2018 3:00:00 PM,12.75550,SDGE
5/25/2018 3:00:00 PM,12.27255,VEA
5/25/2018 4:00:00 PM,14.01087,PGAE
5/25/2018 4:00:00 PM,13.22388,SCE
5/25/2018 4:00:00 PM,13.53379,SDGE
5/25/2018 4:00:00 PM,12.94660,VEA
5/25/2018 5:00:00 PM,21.14685,PGAE
5/25/2018 5:00:00 PM,23.23261,SCE
5/25/2018 5:00:00 PM,22.49474,SDGE
5/25/2018 5:00:00 PM,19.70849,VEA
5/25/2018 6:00:00 PM,27.06297,PGAE
5/25/2018 6:00:00 PM,28.33938,SCE
5/25/2018 6:00:00 PM,28.41897,SDGE
5/25/2018 6:00:00 PM,25.92045,VEA
5/25/2018 7:00:00 PM,38.51213,PGAE
5/25/2018 7:00:00 PM,40.89539,SCE
5/25/2018 7:00:00 PM,41.06087,SDGE
5/25/2018 7:00:00 PM,37.09564,VEA
5/25/2018 8:00:00 PM,45.98102,PGAE
5/25/2018 8:00:00 PM,49.86670,SCE
5/25/2018 8:00:00 PM,49.42955,SDGE
5/25/2018 8:00:00 PM,44.01269,VEA
5/25/2018 9:00:00 PM,41.64064,PGAE
5/25/2018 9:00:00 PM,42.16676,SCE
5/25/2018 9:00:00 PM,42.83311,SDGE
5/25/2018 9:00:00 PM,39.94275,VEA
5/25/2018 10:00:00 PM,33.81232,PGAE
5/25/2018 10:00:00 PM,33.38815,SCE
5/25/2018 10:00:00 PM,34.37114,SDGE
5/25/2018 10:00:00 PM,32.64754,VEA
5/25/2018 11:00:00 PM,25.20068,PGAE
5/25/2018 11:00:00 PM,24.83480,SCE
5/25/2018 11:00:00 PM,25.52145,SDGE
5/25/2018 11:00:00 PM,24.37870,VEA
5/26/2018 12:00:00 AM,21.62135,PGAE
5/26/2018 12:00:00 AM,21.53700,SCE
5/26/2018 12:00:00 AM,22.15772,SDGE
5/26/2018 12:00:00 AM,21.17365,VEA
5/26/2018 1:00:00 AM,20.11898,PGAE
5/26/2018 1:00:00 AM,20.01238,SCE
5/26/2018 1:00:00 AM,20.54940,SDGE
5/26/2018 1:00:00 AM,19.68857,VEA
5/26/2018 2:00:00 AM,18.72445,PGAE
5/26/2018 2:00:00 AM,18.63270,SCE
5/26/2018 2:00:00 AM,19.15137,SDGE
5/26/2018 2:00:00 AM,18.36494,VEA
5/26/2018 3:00:00 AM,17.40695,PGAE
5/26/2018 3:00:00 AM,17.35294,SCE
5/26/2018 3:00:00 AM,17.80414,SDGE
5/26/2018 3:00:00 AM,17.08989,VEA
5/26/2018 4:00:00 AM,18.74711,PGAE
5/26/2018 4:00:00 AM,18.69830,SCE
5/26/2018 4:00:00 AM,19.22578,SDGE
5/26/2018 4:00:00 AM,18.39796,VEA
5/26/2018 5:00:00 AM,17.72683,PGAE
5/26/2018 5:00:00 AM,17.55883,SCE
5/26/2018 5:00:00 AM,18.05399,SDGE
5/26/2018 5:00:00 AM,17.30948,VEA
5/26/2018 6:00:00 AM,13.72206,PGAE
5/26/2018 6:00:00 AM,13.98005,SCE
5/26/2018 6:00:00 AM,19.59569,SDGE
5/26/2018 6:00:00 AM,12.88658,VEA
5/26/2018 7:00:00 AM,6.40043,PGAE
5/26/2018 7:00:00 AM,8.01301,SCE
5/26/2018 7:00:00 AM,30.65471,SDGE
5/26/2018 7:00:00 AM,3.91008,VEA
5/26/2018 8:00:00 AM,3.00631,PGAE
5/26/2018 8:00:00 AM,2.81750,SCE
5/26/2018 8:00:00 AM,2.88510,SDGE
5/26/2018 8:00:00 AM,2.78749,VEA
5/26/2018 9:00:00 AM,0.95365,PGAE
5/26/2018 9:00:00 AM,0.71686,SCE
5/26/2018 9:00:00 AM,1.36453,SDGE
5/26/2018 9:00:00 AM,0.61426,VEA
5/26/2018 10:00:00 AM,0.93867,PGAE
5/26/2018 10:00:00 AM,0.05107,SCE
5/26/2018 10:00:00 AM,0.65231,SDGE
5/26/2018 10:00:00 AM,0.01578,VEA
5/26/2018 11:00:00 AM,0.92879,PGAE
5/26/2018 11:00:00 AM,-0.00637,SCE
5/26/2018 11:00:00 AM,0.14437,SDGE
5/26/2018 11:00:00 AM,0.04039,VEA
5/26/2018 12:00:00 PM,0.83000,PGAE
5/26/2018 12:00:00 PM,-1.00363,SCE
5/26/2018 12:00:00 PM,-0.41062,SDGE
5/26/2018 12:00:00 PM,-0.94625,VEA
5/26/2018 1:00:00 PM,0.49062,PGAE
5/26/2018 1:00:00 PM,-2.00000,SCE
5/26/2018 1:00:00 PM,-0.84718,SDGE
5/26/2018 1:00:00 PM,-1.96582,VEA
5/26/2018 2:00:00 PM,-0.09432,PGAE
5/26/2018 2:00:00 PM,-0.97994,SCE
5/26/2018 2:00:00 PM,-0.44373,SDGE
5/26/2018 2:00:00 PM,-0.98373,VEA
5/26/2018 3:00:00 PM,0.00902,PGAE
5/26/2018 3:00:00 PM,-0.00031,SCE
5/26/2018 3:00:00 PM,0.00004,SDGE
5/26/2018 3:00:00 PM,0.00036,VEA
5/26/2018 4:00:00 PM,0.53966,PGAE
5/26/2018 4:00:00 PM,0.50849,SCE
5/26/2018 4:00:00 PM,0.52054,SDGE
5/26/2018 4:00:00 PM,0.50016,VEA
5/26/2018 5:00:00 PM,5.32755,PGAE
5/26/2018 5:00:00 PM,5.10292,SCE
5/26/2018 5:00:00 PM,5.27374,SDGE
5/26/2018 5:00:00 PM,5.02299,VEA
5/26/2018 6:00:00 PM,20.57244,PGAE
5/26/2018 6:00:00 PM,22.93499,SCE
5/26/2018 6:00:00 PM,22.27727,SDGE
5/26/2018 6:00:00 PM,19.42427,VEA
5/26/2018 7:00:00 PM,37.84933,PGAE
5/26/2018 7:00:00 PM,40.05720,SCE
5/26/2018 7:00:00 PM,40.26481,SDGE
5/26/2018 7:00:00 PM,36.71574,VEA
5/26/2018 8:00:00 PM,47.33643,PGAE
5/26/2018 8:00:00 PM,49.31324,SCE
5/26/2018 8:00:00 PM,49.89350,SDGE
5/26/2018 8:00:00 PM,45.94353,VEA
5/26/2018 9:00:00 PM,39.28332,PGAE
5/26/2018 9:00:00 PM,40.54551,SCE
5/26/2018 9:00:00 PM,40.99318,SDGE
5/26/2018 9:00:00 PM,37.94367,VEA
5/26/2018 10:00:00 PM,26.41014,PGAE
5/26/2018 10:00:00 PM,27.12704,SCE
5/26/2018 10:00:00 PM,27.64564,SDGE
5/26/2018 10:00:00 PM,25.76584,VEA
5/26/2018 11:00:00 PM,20.14000,PGAE
5/26/2018 11:00:00 PM,20.04130,SCE
5/26/2018 11:00:00 PM,20.59521,SDGE
5/26/2018 11:00:00 PM,19.63645,VEA
5/27/2018 12:00:00 AM,22.20802,PGAE
5/27/2018 12:00:00 AM,22.12356,SCE
5/27/2018 12:00:00 AM,22.77484,SDGE
5/27/2018 12:00:00 AM,21.76569,VEA
5/27/2018 1:00:00 AM,15.66284,PGAE
5/27/2018 1:00:00 AM,15.53616,SCE
5/27/2018 1:00:00 AM,15.98658,SDGE
5/27/2018 1:00:00 AM,15.30470,VEA
5/27/2018 2:00:00 AM,12.88371,PGAE
5/27/2018 2:00:00 AM,12.74497,SCE
5/27/2018 2:00:00 AM,13.10467,SDGE
5/27/2018 2:00:00 AM,12.57154,VEA
5/27/2018 3:00:00 AM,12.66047,PGAE
5/27/2018 3:00:00 AM,12.51407,SCE
5/27/2018 3:00:00 AM,12.87501,SDGE
5/27/2018 3:00:00 AM,12.35001,VEA
5/27/2018 4:00:00 AM,14.22913,PGAE
5/27/2018 4:00:00 AM,14.08575,SCE
5/27/2018 4:00:00 AM,14.50596,SDGE
5/27/2018 4:00:00 AM,13.90971,VEA
5/27/2018 5:00:00 AM,16.84270,PGAE
5/27/2018 5:00:00 AM,16.74000,SCE
5/27/2018 5:00:00 AM,17.18615,SDGE
5/27/2018 5:00:00 AM,16.33257,VEA
5/27/2018 6:00:00 AM,7.06968,PGAE
5/27/2018 6:00:00 AM,7.15119,SCE
5/27/2018 6:00:00 AM,9.38248,SDGE
5/27/2018 6:00:00 AM,6.59929,VEA
5/27/2018 7:00:00 AM,0.08199,PGAE
5/27/2018 7:00:00 AM,0.35852,SCE
5/27/2018 7:00:00 AM,3.91273,SDGE
5/27/2018 7:00:00 AM,-0.35626,VEA
5/27/2018 8:00:00 AM,-1.76355,PGAE
5/27/2018 8:00:00 AM,-1.43682,SCE
5/27/2018 8:00:00 AM,1.42028,SDGE
5/27/2018 8:00:00 AM,-1.98732,VEA
5/27/2018 9:00:00 AM,-3.09169,PGAE
5/27/2018 9:00:00 AM,-2.63099,SCE
5/27/2018 9:00:00 AM,0.86665,SDGE
5/27/2018 9:00:00 AM,-3.28078,VEA
5/27/2018 10:00:00 AM,-1.14756,PGAE
5/27/2018 10:00:00 AM,-0.94957,SCE
5/27/2018 10:00:00 AM,0.72070,SDGE
5/27/2018 10:00:00 AM,-1.25652,VEA
5/27/2018 11:00:00 AM,-0.02307,PGAE
5/27/2018 11:00:00 AM,0.12143,SCE
5/27/2018 11:00:00 AM,2.08611,SDGE
5/27/2018 11:00:00 AM,-0.26161,VEA
5/27/2018 12:00:00 PM,-0.00136,PGAE
5/27/2018 12:00:00 PM,0.00613,SCE
5/27/2018 12:00:00 PM,0.11126,SDGE
5/27/2018 12:00:00 PM,-0.01101,VEA
5/27/2018 1:00:00 PM,-1.16674,PGAE
5/27/2018 1:00:00 PM,-1.04446,SCE
5/27/2018 1:00:00 PM,-0.39135,SDGE
5/27/2018 1:00:00 PM,-1.13935,VEA
5/27/2018 2:00:00 PM,0.01062,PGAE
5/27/2018 2:00:00 PM,0.01002,SCE
5/27/2018 2:00:00 PM,0.01020,SDGE
5/27/2018 2:00:00 PM,0.00981,VEA
5/27/2018 3:00:00 PM,1.11398,PGAE
5/27/2018 3:00:00 PM,1.05384,SCE
5/27/2018 3:00:00 PM,1.07280,SDGE
5/27/2018 3:00:00 PM,1.03173,VEA
5/27/2018 4:00:00 PM,7.02643,PGAE
5/27/2018 4:00:00 PM,6.66498,SCE
5/27/2018 4:00:00 PM,6.81285,SDGE
5/27/2018 4:00:00 PM,6.52054,VEA
5/27/2018 5:00:00 PM,19.79779,PGAE
5/27/2018 5:00:00 PM,18.86121,SCE
5/27/2018 5:00:00 PM,19.39916,SDGE
5/27/2018 5:00:00 PM,18.48193,VEA
5/27/2018 6:00:00 PM,32.10381,PGAE
5/27/2018 6:00:00 PM,30.98523,SCE
5/27/2018 6:00:00 PM,31.86683,SDGE
5/27/2018 6:00:00 PM,30.34379,VEA
5/27/2018 7:00:00 PM,38.83330,PGAE
5/27/2018 7:00:00 PM,38.31888,SCE
5/27/2018 7:00:00 PM,39.66876,SDGE
5/27/2018 7:00:00 PM,37.47955,VEA
5/27/2018 8:00:00 PM,52.09815,PGAE
5/27/2018 8:00:00 PM,52.93684,SCE
5/27/2018 8:00:00 PM,53.90417,SDGE
5/27/2018 8:00:00 PM,50.25026,VEA
5/27/2018 9:00:00 PM,37.93256,PGAE
5/27/2018 9:00:00 PM,37.85844,SCE
5/27/2018 9:00:00 PM,38.83773,SDGE
5/27/2018 9:00:00 PM,36.72006,VEA
5/27/2018 10:00:00 PM,31.41204,PGAE
5/27/2018 10:00:00 PM,31.06771,SCE
5/27/2018 10:00:00 PM,32.02557,SDGE
5/27/2018 10:00:00 PM,30.47609,VEA
5/27/2018 11:00:00 PM,24.99104,PGAE
5/27/2018 11:00:00 PM,24.64294,SCE
5/27/2018 11:00:00 PM,25.35655,SDGE
5/27/2018 11:00:00 PM,24.24760,VEA
5/28/2018 12:00:00 AM,21.96000,PGAE
5/28/2018 12:00:00 AM,21.55769,SCE
5/28/2018 12:00:00 AM,22.30655,SDGE
5/28/2018 12:00:00 AM,21.20894,VEA
5/28/2018 1:00:00 AM,18.10710,PGAE
5/28/2018 1:00:00 AM,17.68830,SCE
5/28/2018 1:00:00 AM,18.30681,SDGE
5/28/2018 1:00:00 AM,17.43909,VEA
5/28/2018 2:00:00 AM,18.11872,PGAE
5/28/2018 2:00:00 AM,17.60279,SCE
5/28/2018 2:00:00 AM,18.45430,SDGE
5/28/2018 2:00:00 AM,17.38147,VEA
5/28/2018 3:00:00 AM,18.12979,PGAE
5/28/2018 3:00:00 AM,17.64689,SCE
5/28/2018 3:00:00 AM,18.19703,SDGE
5/28/2018 3:00:00 AM,17.42844,VEA
5/28/2018 4:00:00 AM,20.40974,PGAE
5/28/2018 4:00:00 AM,19.89148,SCE
5/28/2018 4:00:00 AM,20.47218,SDGE
5/28/2018 4:00:00 AM,19.63112,VEA
5/28/2018 5:00:00 AM,22.36242,PGAE
5/28/2018 5:00:00 AM,21.57470,SCE
5/28/2018 5:00:00 AM,22.22240,SDGE
5/28/2018 5:00:00 AM,21.28532,VEA
5/28/2018 6:00:00 AM,16.12000,PGAE
5/28/2018 6:00:00 AM,15.09978,SCE
5/28/2018 6:00:00 AM,15.64454,SDGE
5/28/2018 6:00:00 AM,14.86864,VEA
5/28/2018 7:00:00 AM,6.27613,PGAE
5/28/2018 7:00:00 AM,6.17910,SCE
5/28/2018 7:00:00 AM,16.66319,SDGE
5/28/2018 7:00:00 AM,4.33994,VEA
5/28/2018 8:00:00 AM,0.13236,PGAE
5/28/2018 8:00:00 AM,0.62746,SCE
5/28/2018 8:00:00 AM,7.17147,SDGE
5/28/2018 8:00:00 AM,-0.51839,VEA
5/28/2018 9:00:00 AM,0.24799,PGAE
5/28/2018 9:00:00 AM,0.61591,SCE
5/28/2018 9:00:00 AM,5.69108,SDGE
5/28/2018 9:00:00 AM,-0.26594,VEA
5/28/2018 10:00:00 AM,1.02398,PGAE
5/28/2018 10:00:00 AM,1.07833,SCE
5/28/2018 10:00:00 AM,2.65651,SDGE
5/28/2018 10:00:00 AM,0.79758,VEA
5/28/2018 11:00:00 AM,3.53263,PGAE
5/28/2018 11:00:00 AM,3.30962,SCE
5/28/2018 11:00:00 AM,3.35853,SDGE
5/28/2018 11:00:00 AM,3.23882,VEA
5/28/2018 12:00:00 PM,5.51636,PGAE
5/28/2018 12:00:00 PM,5.19486,SCE
5/28/2018 12:00:00 PM,5.25357,SDGE
5/28/2018 12:00:00 PM,5.07537,VEA
5/28/2018 1:00:00 PM,13.70441,PGAE
5/28/2018 1:00:00 PM,12.40208,SCE
5/28/2018 1:00:00 PM,11.82037,SDGE
5/28/2018 1:00:00 PM,11.15319,VEA
5/28/2018 2:00:00 PM,16.61378,PGAE
5/28/2018 2:00:00 PM,14.18596,SCE
5/28/2018 2:00:00 PM,14.11560,SDGE
5/28/2018 2:00:00 PM,13.22977,VEA
5/28/2018 3:00:00 PM,19.76000,PGAE
5/28/2018 3:00:00 PM,16.72488,SCE
5/28/2018 3:00:00 PM,16.68735,SDGE
5/28/2018 3:00:00 PM,15.48547,VEA
5/28/2018 4:00:00 PM,24.41585,PGAE
5/28/2018 4:00:00 PM,22.79478,SCE
5/28/2018 4:00:00 PM,21.60953,SDGE
5/28/2018 4:00:00 PM,19.00512,VEA
5/28/2018 5:00:00 PM,29.85661,PGAE
5/28/2018 5:00:00 PM,29.67967,SCE
5/28/2018 5:00:00 PM,27.56926,SDGE
5/28/2018 5:00:00 PM,23.16057,VEA
5/28/2018 6:00:00 PM,37.01056,PGAE
5/28/2018 6:00:00 PM,34.87954,SCE
5/28/2018 6:00:00 PM,35.79064,SDGE
5/28/2018 6:00:00 PM,33.68468,VEA
5/28/2018 7:00:00 PM,47.68816,PGAE
5/28/2018 7:00:00 PM,43.13384,SCE
5/28/2018 7:00:00 PM,44.15866,SDGE
5/28/2018 7:00:00 PM,40.82183,VEA
5/28/2018 8:00:00 PM,61.22547,PGAE
5/28/2018 8:00:00 PM,58.80972,SCE
5/28/2018 8:00:00 PM,58.75625,SDGE
5/28/2018 8:00:00 PM,54.18730,VEA
5/28/2018 9:00:00 PM,42.74746,PGAE
5/28/2018 9:00:00 PM,41.57675,SCE
5/28/2018 9:00:00 PM,42.54574,SDGE
5/28/2018 9:00:00 PM,39.99887,VEA
5/28/2018 10:00:00 PM,30.14570,PGAE
5/28/2018 10:00:00 PM,29.91096,SCE
5/28/2018 10:00:00 PM,30.87700,SDGE
5/28/2018 10:00:00 PM,29.17665,VEA
5/28/2018 11:00:00 PM,23.22848,PGAE
5/28/2018 11:00:00 PM,22.95088,SCE
5/28/2018 11:00:00 PM,23.58474,SDGE
5/28/2018 11:00:00 PM,22.42112,VEA
5/29/2018 12:00:00 AM,20.50896,PGAE
5/29/2018 12:00:00 AM,19.93033,SCE
5/29/2018 12:00:00 AM,20.38150,SDGE
5/29/2018 12:00:00 AM,19.63697,VEA
5/29/2018 1:00:00 AM,21.01579,PGAE
5/29/2018 1:00:00 AM,20.49439,SCE
5/29/2018 1:00:00 AM,21.04902,SDGE
5/29/2018 1:00:00 AM,20.15787,VEA
5/29/2018 2:00:00 AM,21.24493,PGAE
5/29/2018 2:00:00 AM,19.29000,SCE
5/29/2018 2:00:00 AM,19.84454,SDGE
5/29/2018 2:00:00 AM,19.05087,VEA
5/29/2018 3:00:00 AM,19.69578,PGAE
5/29/2018 3:00:00 AM,19.25134,SCE
5/29/2018 3:00:00 AM,19.77180,SDGE
5/29/2018 3:00:00 AM,18.94725,VEA
5/29/2018 4:00:00 AM,21.10343,PGAE
5/29/2018 4:00:00 AM,20.72236,SCE
5/29/2018 4:00:00 AM,21.29606,SDGE
5/29/2018 4:00:00 AM,20.38735,VEA
5/29/2018 5:00:00 AM,29.59745,PGAE
5/29/2018 5:00:00 AM,29.06866,SCE
5/29/2018 5:00:00 AM,29.91178,SDGE
5/29/2018 5:00:00 AM,28.51931,VEA
5/29/2018 6:00:00 AM,36.78537,PGAE
5/29/2018 6:00:00 AM,36.01256,SCE
5/29/2018 6:00:00 AM,37.01139,SDGE
5/29/2018 6:00:00 AM,35.18141,VEA
5/29/2018 7:00:00 AM,30.81618,PGAE
5/29/2018 7:00:00 AM,29.81496,SCE
5/29/2018 7:00:00 AM,36.61004,SDGE
5/29/2018 7:00:00 AM,28.08741,VEA
5/29/2018 8:00:00 AM,20.33351,PGAE
5/29/2018 8:00:00 AM,20.16512,SCE
5/29/2018 8:00:00 AM,25.50186,SDGE
5/29/2018 8:00:00 AM,18.20510,VEA
5/29/2018 9:00:00 AM,19.98014,PGAE
5/29/2018 9:00:00 AM,20.70831,SCE
5/29/2018 9:00:00 AM,24.65675,SDGE
5/29/2018 9:00:00 AM,17.63032,VEA
5/29/2018 10:00:00 AM,22.59941,PGAE
5/29/2018 10:00:00 AM,23.00000,SCE
5/29/2018 10:00:00 AM,23.43238,SDGE
5/29/2018 10:00:00 AM,19.95326,VEA
5/29/2018 11:00:00 AM,25.23404,PGAE
5/29/2018 11:00:00 AM,27.69382,SCE
5/29/2018 11:00:00 AM,25.96894,SDGE
5/29/2018 11:00:00 AM,22.09162,VEA
5/29/2018 12:00:00 PM,23.92755,PGAE
5/29/2018 12:00:00 PM,25.23459,SCE
5/29/2018 12:00:00 PM,23.87143,SDGE
5/29/2018 12:00:00 PM,21.11096,VEA
5/29/2018 1:00:00 PM,27.45939,PGAE
5/29/2018 1:00:00 PM,29.98276,SCE
5/29/2018 1:00:00 PM,27.56305,SDGE
5/29/2018 1:00:00 PM,23.52736,VEA
5/29/2018 2:00:00 PM,28.56064,PGAE
5/29/2018 2:00:00 PM,32.23978,SCE
5/29/2018 2:00:00 PM,29.14540,SDGE
5/29/2018 2:00:00 PM,24.16433,VEA
5/29/2018 3:00:00 PM,29.74957,PGAE
5/29/2018 3:00:00 PM,34.80372,SCE
5/29/2018 3:00:00 PM,32.38315,SDGE
5/29/2018 3:00:00 PM,25.68784,VEA
5/29/2018 4:00:00 PM,32.93896,PGAE
5/29/2018 4:00:00 PM,35.79922,SCE
5/29/2018 4:00:00 PM,36.92599,SDGE
5/29/2018 4:00:00 PM,27.51478,VEA
5/29/2018 5:00:00 PM,36.11673,PGAE
5/29/2018 5:00:00 PM,40.83850,SCE
5/29/2018 5:00:00 PM,39.39387,SDGE
5/29/2018 5:00:00 PM,31.90853,VEA
5/29/2018 6:00:00 PM,43.54673,PGAE
5/29/2018 6:00:00 PM,43.47163,SCE
5/29/2018 6:00:00 PM,43.92000,SDGE
5/29/2018 6:00:00 PM,39.61159,VEA
5/29/2018 7:00:00 PM,59.21684,PGAE
5/29/2018 7:00:00 PM,60.53691,SCE
5/29/2018 7:00:00 PM,60.54817,SDGE
5/29/2018 7:00:00 PM,56.62932,VEA
5/29/2018 8:00:00 PM,54.20687,PGAE
5/29/2018 8:00:00 PM,55.64361,SCE
5/29/2018 8:00:00 PM,55.73458,SDGE
5/29/2018 8:00:00 PM,51.81642,VEA
5/29/2018 9:00:00 PM,41.90928,PGAE
5/29/2018 9:00:00 PM,43.37512,SCE
5/29/2018 9:00:00 PM,43.23866,SDGE
5/29/2018 9:00:00 PM,39.88169,VEA
5/29/2018 10:00:00 PM,31.16465,PGAE
5/29/2018 10:00:00 PM,31.46892,SCE
5/29/2018 10:00:00 PM,31.62391,SDGE
5/29/2018 10:00:00 PM,29.60574,VEA
5/29/2018 11:00:00 PM,25.95000,PGAE
5/29/2018 11:00:00 PM,26.51000,SCE
5/29/2018 11:00:00 PM,26.41258,SDGE
5/29/2018 11:00:00 PM,24.69672,VEA
5/30/2018 12:00:00 AM,25.09435,PGAE
5/30/2018 12:00:00 AM,24.64651,SCE
5/30/2018 12:00:00 AM,25.02718,SDGE
5/30/2018 12:00:00 AM,24.25837,VEA
5/30/2018 1:00:00 AM,22.10076,PGAE
5/30/2018 1:00:00 AM,21.82384,SCE
5/30/2018 1:00:00 AM,22.19746,SDGE
5/30/2018 1:00:00 AM,21.45901,VEA
5/30/2018 2:00:00 AM,22.07279,PGAE
5/30/2018 2:00:00 AM,21.81138,SCE
5/30/2018 2:00:00 AM,22.28807,SDGE
5/30/2018 2:00:00 AM,21.45990,VEA
5/30/2018 3:00:00 AM,20.93018,PGAE
5/30/2018 3:00:00 AM,20.64301,SCE
5/30/2018 3:00:00 AM,21.10290,SDGE
5/30/2018 3:00:00 AM,20.28301,VEA
5/30/2018 4:00:00 AM,22.32612,PGAE
5/30/2018 4:00:00 AM,22.09930,SCE
5/30/2018 4:00:00 AM,22.56850,SDGE
5/30/2018 4:00:00 AM,21.67901,VEA
5/30/2018 5:00:00 AM,31.81708,PGAE
5/30/2018 5:00:00 AM,31.55998,SCE
5/30/2018 5:00:00 AM,32.40428,SDGE
5/30/2018 5:00:00 AM,30.87437,VEA
5/30/2018 6:00:00 AM,37.63714,PGAE
5/30/2018 6:00:00 AM,36.73897,SCE
5/30/2018 6:00:00 AM,38.07690,SDGE
5/30/2018 6:00:00 AM,35.78491,VEA
5/30/2018 7:00:00 AM,25.22868,PGAE
5/30/2018 7:00:00 AM,24.58762,SCE
5/30/2018 7:00:00 AM,43.81000,SDGE
5/30/2018 7:00:00 AM,23.23460,VEA
5/30/2018 8:00:00 AM,19.22959,PGAE
5/30/2018 8:00:00 AM,18.82269,SCE
5/30/2018 8:00:00 AM,40.55568,SDGE
5/30/2018 8:00:00 AM,16.86130,VEA
5/30/2018 9:00:00 AM,17.33448,PGAE
5/30/2018 9:00:00 AM,17.09549,SCE
5/30/2018 9:00:00 AM,48.98000,SDGE
5/30/2018 9:00:00 AM,14.76409,VEA
5/30/2018 10:00:00 AM,16.86602,PGAE
5/30/2018 10:00:00 AM,16.84341,SCE
5/30/2018 10:00:00 AM,47.17000,SDGE
5/30/2018 10:00:00 AM,13.98742,VEA
5/30/2018 11:00:00 AM,17.59000,PGAE
5/30/2018 11:00:00 AM,20.82643,SCE
5/30/2018 11:00:00 AM,39.17855,SDGE
5/30/2018 11:00:00 AM,14.23121,VEA
5/30/2018 12:00:00 PM,17.41000,PGAE
5/30/2018 12:00:00 PM,19.11404,SCE
5/30/2018 12:00:00 PM,37.32000,SDGE
5/30/2018 12:00:00 PM,13.99693,VEA
5/30/2018 1:00:00 PM,17.78000,PGAE
5/30/2018 1:00:00 PM,15.46827,SCE
5/30/2018 1:00:00 PM,32.89548,SDGE
5/30/2018 1:00:00 PM,12.37667,VEA
5/30/2018 2:00:00 PM,16.70277,PGAE
5/30/2018 2:00:00 PM,24.23080,SCE
5/30/2018 2:00:00 PM,35.16902,SDGE
5/30/2018 2:00:00 PM,10.50590,VEA
5/30/2018 3:00:00 PM,15.59835,PGAE
5/30/2018 3:00:00 PM,27.39886,SCE
5/30/2018 3:00:00 PM,35.59815,SDGE
5/30/2018 3:00:00 PM,14.83821,VEA
5/30/2018 4:00:00 PM,14.16156,PGAE
5/30/2018 4:00:00 PM,30.92959,SCE
5/30/2018 4:00:00 PM,46.73000,SDGE
5/30/2018 4:00:00 PM,15.83680,VEA
5/30/2018 5:00:00 PM,18.44444,PGAE
5/30/2018 5:00:00 PM,36.76684,SCE
5/30/2018 5:00:00 PM,40.37021,SDGE
5/30/2018 5:00:00 PM,19.82244,VEA
5/30/2018 6:00:00 PM,28.40000,PGAE
5/30/2018 6:00:00 PM,42.47131,SCE
5/30/2018 6:00:00 PM,45.91000,SDGE
5/30/2018 6:00:00 PM,28.04192,VEA
5/30/2018 7:00:00 PM,44.79683,PGAE
5/30/2018 7:00:00 PM,45.48916,SCE
5/30/2018 7:00:00 PM,48.29159,SDGE
5/30/2018 7:00:00 PM,41.24205,VEA
5/30/2018 8:00:00 PM,55.51625,PGAE
5/30/2018 8:00:00 PM,57.29148,SCE
5/30/2018 8:00:00 PM,64.08843,SDGE
5/30/2018 8:00:00 PM,46.38818,VEA
5/30/2018 9:00:00 PM,42.36978,PGAE
5/30/2018 9:00:00 PM,44.14333,SCE
5/30/2018 9:00:00 PM,48.00482,SDGE
5/30/2018 9:00:00 PM,38.29896,VEA
5/30/2018 10:00:00 PM,31.30842,PGAE
5/30/2018 10:00:00 PM,31.39323,SCE
5/30/2018 10:00:00 PM,32.67144,SDGE
5/30/2018 10:00:00 PM,29.41503,VEA
5/30/2018 11:00:00 PM,25.40033,PGAE
5/30/2018 11:00:00 PM,25.22040,SCE
5/30/2018 11:00:00 PM,25.83368,SDGE
5/30/2018 11:00:00 PM,24.73384,VEA
5/31/2018 12:00:00 AM,22.69499,PGAE
5/31/2018 12:00:00 AM,22.42613,SCE
5/31/2018 12:00:00 AM,22.96837,SDGE
5/31/2018 12:00:00 AM,22.04656,VEA
5/31/2018 1:00:00 AM,21.05272,PGAE
5/31/2018 1:00:00 AM,20.83242,SCE
5/31/2018 1:00:00 AM,21.36954,SDGE
5/31/2018 1:00:00 AM,20.49882,VEA
5/31/2018 2:00:00 AM,18.58928,PGAE
5/31/2018 2:00:00 AM,18.38743,SCE
5/31/2018 2:00:00 AM,18.85225,SDGE
5/31/2018 2:00:00 AM,18.10779,VEA
5/31/2018 3:00:00 AM,18.06318,PGAE
5/31/2018 3:00:00 AM,17.85806,SCE
5/31/2018 3:00:00 AM,18.33128,SDGE
5/31/2018 3:00:00 AM,17.59356,VEA
5/31/2018 4:00:00 AM,20.90606,PGAE
5/31/2018 4:00:00 AM,20.64801,SCE
5/31/2018 4:00:00 AM,21.16411,SDGE
5/31/2018 4:00:00 AM,20.30672,VEA
5/31/2018 5:00:00 AM,29.59819,PGAE
5/31/2018 5:00:00 AM,30.91768,SCE
5/31/2018 5:00:00 AM,31.01006,SDGE
5/31/2018 5:00:00 AM,28.59774,VEA
5/31/2018 6:00:00 AM,32.41595,PGAE
5/31/2018 6:00:00 AM,34.48075,SCE
5/31/2018 6:00:00 AM,35.06173,SDGE
5/31/2018 6:00:00 AM,30.71003,VEA
5/31/2018 7:00:00 AM,25.74827,PGAE
5/31/2018 7:00:00 AM,28.37854,SCE
5/31/2018 7:00:00 AM,34.73373,SDGE
5/31/2018 7:00:00 AM,23.45852,VEA
5/31/2018 8:00:00 AM,20.66158,PGAE
5/31/2018 8:00:00 AM,21.86550,SCE
5/31/2018 8:00:00 AM,43.33053,SDGE
5/31/2018 8:00:00 AM,15.06146,VEA
5/31/2018 9:00:00 AM,17.24807,PGAE
5/31/2018 9:00:00 AM,18.56938,SCE
5/31/2018 9:00:00 AM,47.62000,SDGE
5/31/2018 9:00:00 AM,10.63250,VEA
5/31/2018 10:00:00 AM,15.41924,PGAE
5/31/2018 10:00:00 AM,22.81198,SCE
5/31/2018 10:00:00 AM,35.57747,SDGE
5/31/2018 10:00:00 AM,14.80881,VEA
5/31/2018 11:00:00 AM,13.40638,PGAE
5/31/2018 11:00:00 AM,21.94006,SCE
5/31/2018 11:00:00 AM,42.83729,SDGE
5/31/2018 11:00:00 AM,10.61875,VEA
5/31/2018 12:00:00 PM,11.39810,PGAE
5/31/2018 12:00:00 PM,17.58339,SCE
5/31/2018 12:00:00 PM,26.22136,SDGE
5/31/2018 12:00:00 PM,11.13091,VEA
5/31/2018 1:00:00 PM,10.46824,PGAE
5/31/2018 1:00:00 PM,14.43134,SCE
5/31/2018 1:00:00 PM,23.50877,SDGE
5/31/2018 1:00:00 PM,9.64696,VEA
5/31/2018 2:00:00 PM,9.36778,PGAE
5/31/2018 2:00:00 PM,17.34756,SCE
5/31/2018 2:00:00 PM,27.52000,SDGE
5/31/2018 2:00:00 PM,8.53385,VEA
5/31/2018 3:00:00 PM,7.74112,PGAE
5/31/2018 3:00:00 PM,20.79363,SCE
5/31/2018 3:00:00 PM,25.63289,SDGE
5/31/2018 3:00:00 PM,9.53507,VEA
5/31/2018 4:00:00 PM,6.32988,PGAE
5/31/2018 4:00:00 PM,23.75766,SCE
5/31/2018 4:00:00 PM,40.99970,SDGE
5/31/2018 4:00:00 PM,7.02277,VEA
5/31/2018 5:00:00 PM,13.56103,PGAE
5/31/2018 5:00:00 PM,31.81681,SCE
5/31/2018 5:00:00 PM,48.98007,SDGE
5/31/2018 5:00:00 PM,12.81506,VEA
5/31/2018 6:00:00 PM,23.50019,PGAE
5/31/2018 6:00:00 PM,38.92432,SCE
5/31/2018 6:00:00 PM,54.10801,SDGE
5/31/2018 6:00:00 PM,22.65521,VEA
5/31/2018 7:00:00 PM,40.17156,PGAE
5/31/2018 7:00:00 PM,42.47682,SCE
5/31/2018 7:00:00 PM,48.23057,SDGE
5/31/2018 7:00:00 PM,38.62893,VEA
5/31/2018 8:00:00 PM,55.23335,PGAE
5/31/2018 8:00:00 PM,58.95886,SCE
5/31/2018 8:00:00 PM,58.64328,SDGE
5/31/2018 8:00:00 PM,53.23745,VEA
5/31/2018 9:00:00 PM,39.34120,PGAE
5/31/2018 9:00:00 PM,42.56806,SCE
5/31/2018 9:00:00 PM,41.90785,SDGE
5/31/2018 9:00:00 PM,37.78564,VEA
5/31/2018 10:00:00 PM,29.98714,PGAE
5/31/2018 10:00:00 PM,31.36263,SCE
5/31/2018 10:00:00 PM,31.31560,SDGE
5/31/2018 10:00:00 PM,28.83141,VEA
5/31/2018 11:00:00 PM,21.87565,PGAE
5/31/2018 11:00:00 PM,21.66208,SCE
5/31/2018 11:00:00 PM,22.17204,SDGE
5/31/2018 11:00:00 PM,21.27417,VEA
6/1/2018 12:00:00 AM,20.67923,PGAE
6/1/2018 12:00:00 AM,20.51000,SCE
6/1/2018 12:00:00 AM,21.05278,SDGE
6/1/2018 12:00:00 AM,20.21075,VEA
6/1/2018 1:00:00 AM,18.51481,PGAE
6/1/2018 1:00:00 AM,18.35956,SCE
6/1/2018 1:00:00 AM,18.87335,SDGE
6/1/2018 1:00:00 AM,18.11006,VEA
6/1/2018 2:00:00 AM,18.61525,PGAE
6/1/2018 2:00:00 AM,18.45176,SCE
6/1/2018 2:00:00 AM,18.95895,SDGE
6/1/2018 2:00:00 AM,18.22325,VEA
6/1/2018 3:00:00 AM,18.15724,PGAE
6/1/2018 3:00:00 AM,17.99958,SCE
6/1/2018 3:00:00 AM,18.50520,SDGE
6/1/2018 3:00:00 AM,17.77485,VEA
6/1/2018 4:00:00 AM,21.03125,PGAE
6/1/2018 4:00:00 AM,20.88836,SCE
6/1/2018 4:00:00 AM,21.45990,SDGE
6/1/2018 4:00:00 AM,20.57528,VEA
6/1/2018 5:00:00 AM,28.37620,PGAE
6/1/2018 5:00:00 AM,28.16924,SCE
6/1/2018 5:00:00 AM,28.97723,SDGE
6/1/2018 5:00:00 AM,27.65609,VEA
6/1/2018 6:00:00 AM,32.79974,PGAE
6/1/2018 6:00:00 AM,32.63788,SCE
6/1/2018 6:00:00 AM,36.36496,SDGE
6/1/2018 6:00:00 AM,31.31435,VEA
6/1/2018 7:00:00 AM,22.60367,PGAE
6/1/2018 7:00:00 AM,22.14208,SCE
6/1/2018 7:00:00 AM,32.88474,SDGE
6/1/2018 7:00:00 AM,20.47797,VEA
6/1/2018 8:00:00 AM,16.57599,PGAE
6/1/2018 8:00:00 AM,16.56328,SCE
6/1/2018 8:00:00 AM,31.54010,SDGE
6/1/2018 8:00:00 AM,14.38489,VEA
6/1/2018 9:00:00 AM,16.41147,PGAE
6/1/2018 9:00:00 AM,16.05555,SCE
6/1/2018 9:00:00 AM,31.96355,SDGE
6/1/2018 9:00:00 AM,14.06784,VEA
6/1/2018 10:00:00 AM,16.84022,PGAE
6/1/2018 10:00:00 AM,16.12517,SCE
6/1/2018 10:00:00 AM,31.42661,SDGE
6/1/2018 10:00:00 AM,14.53694,VEA
6/1/2018 11:00:00 AM,16.51554,PGAE
6/1/2018 11:00:00 AM,16.65770,SCE
6/1/2018 11:00:00 AM,33.71000,SDGE
6/1/2018 11:00:00 AM,13.41600,VEA
6/1/2018 12:00:00 PM,15.87590,PGAE
6/1/2018 12:00:00 PM,16.24941,SCE
6/1/2018 12:00:00 PM,29.83506,SDGE
6/1/2018 12:00:00 PM,13.84181,VEA
6/1/2018 1:00:00 PM,17.56081,PGAE
6/1/2018 1:00:00 PM,20.61714,SCE
6/1/2018 1:00:00 PM,28.68000,SDGE
6/1/2018 1:00:00 PM,16.92472,VEA
6/1/2018 2:00:00 PM,19.73166,PGAE
6/1/2018 2:00:00 PM,28.72153,SCE
6/1/2018 2:00:00 PM,33.47000,SDGE
6/1/2018 2:00:00 PM,19.59351,VEA
6/1/2018 3:00:00 PM,19.60257,PGAE
6/1/2018 3:00:00 PM,32.53554,SCE
6/1/2018 3:00:00 PM,37.62338,SDGE
6/1/2018 3:00:00 PM,20.30669,VEA
6/1/2018 4:00:00 PM,19.84094,PGAE
6/1/2018 4:00:00 PM,36.12329,SCE
6/1/2018 4:00:00 PM,55.33193,SDGE
6/1/2018 4:00:00 PM,18.60503,VEA
6/1/2018 5:00:00 PM,22.54494,PGAE
6/1/2018 5:00:00 PM,42.71682,SCE
6/1/2018 5:00:00 PM,43.75791,SDGE
6/1/2018 5:00:00 PM,23.96420,VEA
6/1/2018 6:00:00 PM,31.79544,PGAE
6/1/2018 6:00:00 PM,42.07194,SCE
6/1/2018 6:00:00 PM,43.87106,SDGE
6/1/2018 6:00:00 PM,32.08965,VEA
6/1/2018 7:00:00 PM,45.78867,PGAE
6/1/2018 7:00:00 PM,45.15120,SCE
6/1/2018 7:00:00 PM,46.20758,SDGE
6/1/2018 7:00:00 PM,44.32248,VEA
6/1/2018 8:00:00 PM,55.98789,PGAE
6/1/2018 8:00:00 PM,56.87740,SCE
6/1/2018 8:00:00 PM,57.38181,SDGE
6/1/2018 8:00:00 PM,53.59466,VEA
6/1/2018 9:00:00 PM,44.53440,PGAE
6/1/2018 9:00:00 PM,45.15480,SCE
6/1/2018 9:00:00 PM,45.30913,SDGE
6/1/2018 9:00:00 PM,42.66660,VEA
6/1/2018 10:00:00 PM,33.49464,PGAE
6/1/2018 10:00:00 PM,33.15105,SCE
6/1/2018 10:00:00 PM,33.81821,SDGE
6/1/2018 10:00:00 PM,32.27040,VEA
6/1/2018 11:00:00 PM,29.61316,PGAE
6/1/2018 11:00:00 PM,29.41818,SCE
6/1/2018 11:00:00 PM,29.90858,SDGE
6/1/2018 11:00:00 PM,28.87165,VEA
6/2/2018 12:00:00 AM,31.44090,PGAE
6/2/2018 12:00:00 AM,31.54500,SCE
6/2/2018 12:00:00 AM,32.26107,SDGE
6/2/2018 12:00:00 AM,30.91410,VEA
6/2/2018 1:00:00 AM,27.13359,PGAE
6/2/2018 1:00:00 AM,27.19889,SCE
6/2/2018 1:00:00 AM,27.78118,SDGE
6/2/2018 1:00:00 AM,26.66014,VEA
6/2/2018 2:00:00 AM,27.00061,PGAE
6/2/2018 2:00:00 AM,26.96547,SCE
6/2/2018 2:00:00 AM,27.57630,SDGE
6/2/2018 2:00:00 AM,26.47357,VEA
6/2/2018 3:00:00 AM,26.78569,PGAE
6/2/2018 3:00:00 AM,26.76691,SCE
6/2/2018 3:00:00 AM,27.41335,SDGE
6/2/2018 3:00:00 AM,26.28141,VEA
6/2/2018 4:00:00 AM,26.68492,PGAE
6/2/2018 4:00:00 AM,26.67690,SCE
6/2/2018 4:00:00 AM,27.32645,SDGE
6/2/2018 4:00:00 AM,26.20912,VEA
6/2/2018 5:00:00 AM,31.58792,PGAE
6/2/2018 5:00:00 AM,31.62909,SCE
6/2/2018 5:00:00 AM,32.42401,SDGE
6/2/2018 5:00:00 AM,30.98302,VEA
6/2/2018 6:00:00 AM,20.63081,PGAE
6/2/2018 6:00:00 AM,20.38215,SCE
6/2/2018 6:00:00 AM,20.95361,SDGE
6/2/2018 6:00:00 AM,19.96234,VEA
6/2/2018 7:00:00 AM,10.72382,PGAE
6/2/2018 7:00:00 AM,10.97411,SCE
6/2/2018 7:00:00 AM,18.32789,SDGE
6/2/2018 7:00:00 AM,9.42610,VEA
6/2/2018 8:00:00 AM,7.05868,PGAE
6/2/2018 8:00:00 AM,6.98012,SCE
6/2/2018 8:00:00 AM,11.16910,SDGE
6/2/2018 8:00:00 AM,6.09097,VEA
6/2/2018 9:00:00 AM,10.82039,PGAE
6/2/2018 9:00:00 AM,10.93557,SCE
6/2/2018 9:00:00 AM,18.65561,SDGE
6/2/2018 9:00:00 AM,9.15036,VEA
6/2/2018 10:00:00 AM,10.96963,PGAE
6/2/2018 10:00:00 AM,10.52396,SCE
6/2/2018 10:00:00 AM,15.27181,SDGE
6/2/2018 10:00:00 AM,9.52858,VEA
6/2/2018 11:00:00 AM,15.61275,PGAE
6/2/2018 11:00:00 AM,14.58969,SCE
6/2/2018 11:00:00 AM,15.09805,SDGE
6/2/2018 11:00:00 AM,14.12901,VEA
6/2/2018 12:00:00 PM,21.76423,PGAE
6/2/2018 12:00:00 PM,20.51653,SCE
6/2/2018 12:00:00 PM,21.07871,SDGE
6/2/2018 12:00:00 PM,19.85892,VEA
6/2/2018 1:00:00 PM,27.05960,PGAE
6/2/2018 1:00:00 PM,28.27357,SCE
6/2/2018 1:00:00 PM,27.05391,SDGE
6/2/2018 1:00:00 PM,24.39494,VEA
6/2/2018 2:00:00 PM,29.74665,PGAE
6/2/2018 2:00:00 PM,32.05737,SCE
6/2/2018 2:00:00 PM,31.43145,SDGE
6/2/2018 2:00:00 PM,26.84907,VEA
6/2/2018 3:00:00 PM,33.82453,PGAE
6/2/2018 3:00:00 PM,34.73346,SCE
6/2/2018 3:00:00 PM,32.48684,SDGE
6/2/2018 3:00:00 PM,29.09275,VEA
6/2/2018 4:00:00 PM,36.00641,PGAE
6/2/2018 4:00:00 PM,39.33489,SCE
6/2/2018 4:00:00 PM,37.59936,SDGE
6/2/2018 4:00:00 PM,32.57758,VEA
6/2/2018 5:00:00 PM,35.26335,PGAE
6/2/2018 5:00:00 PM,48.46511,SCE
6/2/2018 5:00:00 PM,48.81636,SDGE
6/2/2018 5:00:00 PM,34.33626,VEA
6/2/2018 6:00:00 PM,37.73353,PGAE
6/2/2018 6:00:00 PM,49.78400,SCE
6/2/2018 6:00:00 PM,51.26640,SDGE
6/2/2018 6:00:00 PM,37.34865,VEA
6/2/2018 7:00:00 PM,57.52038,PGAE
6/2/2018 7:00:00 PM,55.78904,SCE
6/2/2018 7:00:00 PM,57.32738,SDGE
6/2/2018 7:00:00 PM,54.83538,VEA
6/2/2018 8:00:00 PM,60.37315,PGAE
6/2/2018 8:00:00 PM,58.18154,SCE
6/2/2018 8:00:00 PM,59.01337,SDGE
6/2/2018 8:00:00 PM,55.82407,VEA
6/2/2018 9:00:00 PM,50.22358,PGAE
6/2/2018 9:00:00 PM,48.61303,SCE
6/2/2018 9:00:00 PM,49.26651,SDGE
6/2/2018 9:00:00 PM,46.56073,VEA
6/2/2018 10:00:00 PM,35.24120,PGAE
6/2/2018 10:00:00 PM,34.35019,SCE
6/2/2018 10:00:00 PM,34.24442,SDGE
6/2/2018 10:00:00 PM,32.17268,VEA
6/2/2018 11:00:00 PM,27.75181,PGAE
6/2/2018 11:00:00 PM,27.66301,SCE
6/2/2018 11:00:00 PM,28.24857,SDGE
6/2/2018 11:00:00 PM,27.04692,VEA
6/3/2018 12:00:00 AM,29.09100,PGAE
6/3/2018 12:00:00 AM,27.17948,SCE
6/3/2018 12:00:00 AM,26.25955,SDGE
6/3/2018 12:00:00 AM,24.27179,VEA
6/3/2018 1:00:00 AM,24.85088,PGAE
6/3/2018 1:00:00 AM,24.39443,SCE
6/3/2018 1:00:00 AM,25.08775,SDGE
6/3/2018 1:00:00 AM,23.96018,VEA
6/3/2018 2:00:00 AM,21.13000,PGAE
6/3/2018 2:00:00 AM,20.70866,SCE
6/3/2018 2:00:00 AM,21.28302,SDGE
6/3/2018 2:00:00 AM,20.36488,VEA
6/3/2018 3:00:00 AM,20.24000,PGAE
6/3/2018 3:00:00 AM,19.85964,SCE
6/3/2018 3:00:00 AM,20.92761,SDGE
6/3/2018 3:00:00 AM,19.46807,VEA
6/3/2018 4:00:00 AM,20.91000,PGAE
6/3/2018 4:00:00 AM,20.48263,SCE
6/3/2018 4:00:00 AM,21.10086,SDGE
6/3/2018 4:00:00 AM,20.18181,VEA
6/3/2018 5:00:00 AM,19.22011,PGAE
6/3/2018 5:00:00 AM,19.43896,SCE
6/3/2018 5:00:00 AM,26.65518,SDGE
6/3/2018 5:00:00 AM,17.92866,VEA
6/3/2018 6:00:00 AM,13.11679,PGAE
6/3/2018 6:00:00 AM,15.03687,SCE
6/3/2018 6:00:00 AM,42.39735,SDGE
6/3/2018 6:00:00 AM,9.63038,VEA
6/3/2018 7:00:00 AM,1.79315,PGAE
6/3/2018 7:00:00 AM,2.65030,SCE
6/3/2018 7:00:00 AM,14.18833,SDGE
6/3/2018 7:00:00 AM,0.41802,VEA
6/3/2018 8:00:00 AM,0.92158,PGAE
6/3/2018 8:00:00 AM,1.81832,SCE
6/3/2018 8:00:00 AM,13.77162,SDGE
6/3/2018 8:00:00 AM,-0.45926,VEA
6/3/2018 9:00:00 AM,2.64355,PGAE
6/3/2018 9:00:00 AM,2.58053,SCE
6/3/2018 9:00:00 AM,4.01930,SDGE
6/3/2018 9:00:00 AM,2.26582,VEA
6/3/2018 10:00:00 AM,6.55665,PGAE
6/3/2018 10:00:00 AM,6.64324,SCE
6/3/2018 10:00:00 AM,11.15064,SDGE
6/3/2018 10:00:00 AM,5.31631,VEA
6/3/2018 11:00:00 AM,8.93004,PGAE
6/3/2018 11:00:00 AM,8.66238,SCE
6/3/2018 11:00:00 AM,13.03756,SDGE
6/3/2018 11:00:00 AM,7.64409,VEA
6/3/2018 12:00:00 PM,19.46687,PGAE
6/3/2018 12:00:00 PM,17.55794,SCE
6/3/2018 12:00:00 PM,16.81180,SDGE
6/3/2018 12:00:00 PM,15.62790,VEA
6/3/2018 1:00:00 PM,26.37547,PGAE
6/3/2018 1:00:00 PM,26.14226,SCE
6/3/2018 1:00:00 PM,23.32043,SDGE
6/3/2018 1:00:00 PM,20.18331,VEA
6/3/2018 2:00:00 PM,26.61531,PGAE
6/3/2018 2:00:00 PM,27.59196,SCE
6/3/2018 2:00:00 PM,24.61231,SDGE
6/3/2018 2:00:00 PM,20.79398,VEA
6/3/2018 3:00:00 PM,34.01691,PGAE
6/3/2018 3:00:00 PM,32.96188,SCE
6/3/2018 3:00:00 PM,29.40282,SDGE
6/3/2018 3:00:00 PM,25.74381,VEA
6/3/2018 4:00:00 PM,30.63485,PGAE
6/3/2018 4:00:00 PM,39.53585,SCE
6/3/2018 4:00:00 PM,37.39683,SDGE
6/3/2018 4:00:00 PM,24.96786,VEA
6/3/2018 5:00:00 PM,32.03769,PGAE
6/3/2018 5:00:00 PM,44.38297,SCE
6/3/2018 5:00:00 PM,45.48828,SDGE
6/3/2018 5:00:00 PM,26.71822,VEA
6/3/2018 6:00:00 PM,39.57758,PGAE
6/3/2018 6:00:00 PM,52.53390,SCE
6/3/2018 6:00:00 PM,52.95462,SDGE
6/3/2018 6:00:00 PM,34.84073,VEA
6/3/2018 7:00:00 PM,62.98971,PGAE
6/3/2018 7:00:00 PM,58.64439,SCE
6/3/2018 7:00:00 PM,56.92573,SDGE
6/3/2018 7:00:00 PM,52.35692,VEA
6/3/2018 8:00:00 PM,65.30068,PGAE
6/3/2018 8:00:00 PM,61.09618,SCE
6/3/2018 8:00:00 PM,59.37115,SDGE
6/3/2018 8:00:00 PM,54.73037,VEA
6/3/2018 9:00:00 PM,49.78312,PGAE
6/3/2018 9:00:00 PM,47.00306,SCE
6/3/2018 9:00:00 PM,44.68373,SDGE
6/3/2018 9:00:00 PM,40.42631,VEA
6/3/2018 10:00:00 PM,34.63252,PGAE
6/3/2018 10:00:00 PM,32.75098,SCE
6/3/2018 10:00:00 PM,31.73369,SDGE
6/3/2018 10:00:00 PM,29.23331,VEA
6/3/2018 11:00:00 PM,29.61416,PGAE
6/3/2018 11:00:00 PM,28.03859,SCE
6/3/2018 11:00:00 PM,27.08569,SDGE
6/3/2018 11:00:00 PM,24.83698,VEA
6/4/2018 12:00:00 AM,25.77070,PGAE
6/4/2018 12:00:00 AM,25.64440,SCE
6/4/2018 12:00:00 AM,26.42025,SDGE
6/4/2018 12:00:00 AM,25.20878,VEA
6/4/2018 1:00:00 AM,24.65952,PGAE
6/4/2018 1:00:00 AM,24.33547,SCE
6/4/2018 1:00:00 AM,25.06703,SDGE
6/4/2018 1:00:00 AM,23.93777,VEA
6/4/2018 2:00:00 AM,21.61527,PGAE
6/4/2018 2:00:00 AM,21.34616,SCE
6/4/2018 2:00:00 AM,21.98557,SDGE
6/4/2018 2:00:00 AM,21.01461,VEA
6/4/2018 3:00:00 AM,19.04268,PGAE
6/4/2018 3:00:00 AM,18.87924,SCE
6/4/2018 3:00:00 AM,19.41327,SDGE
6/4/2018 3:00:00 AM,18.58657,VEA
6/4/2018 4:00:00 AM,22.43185,PGAE
6/4/2018 4:00:00 AM,22.36223,SCE
6/4/2018 4:00:00 AM,23.01347,SDGE
6/4/2018 4:00:00 AM,21.97823,VEA
6/4/2018 5:00:00 AM,29.45888,PGAE
6/4/2018 5:00:00 AM,29.19714,SCE
6/4/2018 5:00:00 AM,30.06176,SDGE
6/4/2018 5:00:00 AM,27.95314,VEA
6/4/2018 6:00:00 AM,30.50822,PGAE
6/4/2018 6:00:00 AM,30.40492,SCE
6/4/2018 6:00:00 AM,34.80755,SDGE
6/4/2018 6:00:00 AM,28.22149,VEA
6/4/2018 7:00:00 AM,20.54269,PGAE
6/4/2018 7:00:00 AM,20.39519,SCE
6/4/2018 7:00:00 AM,29.08949,SDGE
6/4/2018 7:00:00 AM,17.87059,VEA
6/4/2018 8:00:00 AM,16.49901,PGAE
6/4/2018 8:00:00 AM,17.55222,SCE
6/4/2018 8:00:00 AM,39.69325,SDGE
6/4/2018 8:00:00 AM,12.83412,VEA
6/4/2018 9:00:00 AM,16.31249,PGAE
6/4/2018 9:00:00 AM,21.19642,SCE
6/4/2018 9:00:00 AM,40.12252,SDGE
6/4/2018 9:00:00 AM,14.68374,VEA
6/4/2018 10:00:00 AM,18.07346,PGAE
6/4/2018 10:00:00 AM,24.66543,SCE
6/4/2018 10:00:00 AM,33.22546,SDGE
6/4/2018 10:00:00 AM,17.22289,VEA
6/4/2018 11:00:00 AM,21.53274,PGAE
6/4/2018 11:00:00 AM,30.50298,SCE
6/4/2018 11:00:00 AM,37.40494,SDGE
6/4/2018 11:00:00 AM,19.44567,VEA
6/4/2018 12:00:00 PM,26.58578,PGAE
6/4/2018 12:00:00 PM,31.94356,SCE
6/4/2018 12:00:00 PM,41.10522,SDGE
6/4/2018 12:00:00 PM,24.07852,VEA
6/4/2018 1:00:00 PM,27.38397,PGAE
6/4/2018 1:00:00 PM,39.39312,SCE
6/4/2018 1:00:00 PM,55.07154,SDGE
6/4/2018 1:00:00 PM,26.04108,VEA
6/4/2018 2:00:00 PM,29.10147,PGAE
6/4/2018 2:00:00 PM,56.18663,SCE
6/4/2018 2:00:00 PM,47.00000,SDGE
6/4/2018 2:00:00 PM,22.24432,VEA
6/4/2018 3:00:00 PM,31.52000,PGAE
6/4/2018 3:00:00 PM,56.18477,SCE
6/4/2018 3:00:00 PM,71.99205,SDGE
6/4/2018 3:00:00 PM,28.87138,VEA
6/4/2018 4:00:00 PM,33.00541,PGAE
6/4/2018 4:00:00 PM,60.84093,SCE
6/4/2018 4:00:00 PM,68.92546,SDGE
6/4/2018 4:00:00 PM,27.65114,VEA
6/4/2018 5:00:00 PM,31.90478,PGAE
6/4/2018 5:00:00 PM,53.77776,SCE
6/4/2018 5:00:00 PM,67.22445,SDGE
6/4/2018 5:00:00 PM,32.09950,VEA
6/4/2018 6:00:00 PM,36.78406,PGAE
6/4/2018 6:00:00 PM,59.44870,SCE
6/4/2018 6:00:00 PM,81.43224,SDGE
6/4/2018 6:00:00 PM,39.17689,VEA
6/4/2018 7:00:00 PM,71.07621,PGAE
6/4/2018 7:00:00 PM,74.54133,SCE
6/4/2018 7:00:00 PM,74.60853,SDGE
6/4/2018 7:00:00 PM,70.35119,VEA
6/4/2018 8:00:00 PM,58.23121,PGAE
6/4/2018 8:00:00 PM,60.74464,SCE
6/4/2018 8:00:00 PM,60.91264,SDGE
6/4/2018 8:00:00 PM,53.77350,VEA
6/4/2018 9:00:00 PM,45.61073,PGAE
6/4/2018 9:00:00 PM,48.03565,SCE
6/4/2018 9:00:00 PM,48.29891,SDGE
6/4/2018 9:00:00 PM,44.54753,VEA
6/4/2018 10:00:00 PM,32.96725,PGAE
6/4/2018 10:00:00 PM,34.12151,SCE
6/4/2018 10:00:00 PM,34.57426,SDGE
6/4/2018 10:00:00 PM,32.28229,VEA
6/4/2018 11:00:00 PM,27.72836,PGAE
6/4/2018 11:00:00 PM,29.67237,SCE
6/4/2018 11:00:00 PM,29.73673,SDGE
6/4/2018 11:00:00 PM,27.15879,VEA
6/5/2018 12:00:00 AM,27.95128,PGAE
6/5/2018 12:00:00 AM,27.83953,SCE
6/5/2018 12:00:00 AM,28.52679,SDGE
6/5/2018 12:00:00 AM,27.32828,VEA
6/5/2018 1:00:00 AM,22.67217,PGAE
6/5/2018 1:00:00 AM,22.63584,SCE
6/5/2018 1:00:00 AM,23.26032,SDGE
6/5/2018 1:00:00 AM,22.24071,VEA
6/5/2018 2:00:00 AM,21.58174,PGAE
6/5/2018 2:00:00 AM,21.49540,SCE
6/5/2018 2:00:00 AM,22.02205,SDGE
6/5/2018 2:00:00 AM,21.12848,VEA
6/5/2018 3:00:00 AM,20.13643,PGAE
6/5/2018 3:00:00 AM,20.10820,SCE
6/5/2018 3:00:00 AM,20.58413,SDGE
6/5/2018 3:00:00 AM,19.76738,VEA
6/5/2018 4:00:00 AM,22.14222,PGAE
6/5/2018 4:00:00 AM,22.18889,SCE
6/5/2018 4:00:00 AM,22.75556,SDGE
6/5/2018 4:00:00 AM,21.79333,VEA
6/5/2018 5:00:00 AM,29.07346,PGAE
6/5/2018 5:00:00 AM,29.09971,SCE
6/5/2018 5:00:00 AM,29.93688,SDGE
6/5/2018 5:00:00 AM,28.54257,VEA
6/5/2018 6:00:00 AM,33.86127,PGAE
6/5/2018 6:00:00 AM,34.59919,SCE
6/5/2018 6:00:00 AM,45.60510,SDGE
6/5/2018 6:00:00 AM,32.03807,VEA
6/5/2018 7:00:00 AM,27.01502,PGAE
6/5/2018 7:00:00 AM,27.47340,SCE
6/5/2018 7:00:00 AM,39.45228,SDGE
6/5/2018 7:00:00 AM,24.78781,VEA
6/5/2018 8:00:00 AM,19.36669,PGAE
6/5/2018 8:00:00 AM,19.63938,SCE
6/5/2018 8:00:00 AM,32.51882,SDGE
6/5/2018 8:00:00 AM,17.12649,VEA
6/5/2018 9:00:00 AM,18.60243,PGAE
6/5/2018 9:00:00 AM,19.08540,SCE
6/5/2018 9:00:00 AM,34.06434,SDGE
6/5/2018 9:00:00 AM,16.20329,VEA
6/5/2018 10:00:00 AM,20.52562,PGAE
6/5/2018 10:00:00 AM,22.17263,SCE
6/5/2018 10:00:00 AM,30.86000,SDGE
6/5/2018 10:00:00 AM,18.08351,VEA
6/5/2018 11:00:00 AM,20.73834,PGAE
6/5/2018 11:00:00 AM,27.86124,SCE
6/5/2018 11:00:00 AM,26.48822,SDGE
6/5/2018 11:00:00 AM,18.20049,VEA
6/5/2018 12:00:00 PM,20.70000,PGAE
6/5/2018 12:00:00 PM,25.45805,SCE
6/5/2018 12:00:00 PM,25.23080,SDGE
6/5/2018 12:00:00 PM,18.70324,VEA
6/5/2018 1:00:00 PM,22.66342,PGAE
6/5/2018 1:00:00 PM,35.76738,SCE
6/5/2018 1:00:00 PM,29.31310,SDGE
6/5/2018 1:00:00 PM,19.41112,VEA
6/5/2018 2:00:00 PM,27.14684,PGAE
6/5/2018 2:00:00 PM,32.79111,SCE
6/5/2018 2:00:00 PM,30.52714,SDGE
6/5/2018 2:00:00 PM,25.01803,VEA
6/5/2018 3:00:00 PM,26.42218,PGAE
6/5/2018 3:00:00 PM,39.63118,SCE
6/5/2018 3:00:00 PM,33.61415,SDGE
6/5/2018 3:00:00 PM,23.39279,VEA
6/5/2018 4:00:00 PM,30.77913,PGAE
6/5/2018 4:00:00 PM,39.29668,SCE
6/5/2018 4:00:00 PM,37.10869,SDGE
6/5/2018 4:00:00 PM,28.35390,VEA
6/5/2018 5:00:00 PM,32.37759,PGAE
6/5/2018 5:00:00 PM,40.30577,SCE
6/5/2018 5:00:00 PM,37.66428,SDGE
6/5/2018 5:00:00 PM,30.85865,VEA
6/5/2018 6:00:00 PM,39.83142,PGAE
6/5/2018 6:00:00 PM,43.82703,SCE
6/5/2018 6:00:00 PM,44.17000,SDGE
6/5/2018 6:00:00 PM,39.73262,VEA
6/5/2018 7:00:00 PM,55.06837,PGAE
6/5/2018 7:00:00 PM,57.93781,SCE
6/5/2018 7:00:00 PM,58.96750,SDGE
6/5/2018 7:00:00 PM,54.86964,VEA
6/5/2018 8:00:00 PM,50.42939,PGAE
6/5/2018 8:00:00 PM,53.49589,SCE
6/5/2018 8:00:00 PM,54.29615,SDGE
6/5/2018 8:00:00 PM,49.56607,VEA
6/5/2018 9:00:00 PM,39.55530,PGAE
6/5/2018 9:00:00 PM,41.05413,SCE
6/5/2018 9:00:00 PM,41.76782,SDGE
6/5/2018 9:00:00 PM,38.93903,VEA
6/5/2018 10:00:00 PM,30.15972,PGAE
6/5/2018 10:00:00 PM,30.55886,SCE
6/5/2018 10:00:00 PM,31.32422,SDGE
6/5/2018 10:00:00 PM,29.73992,VEA
6/5/2018 11:00:00 PM,27.90085,PGAE
6/5/2018 11:00:00 PM,28.08322,SCE
6/5/2018 11:00:00 PM,28.66402,SDGE
6/5/2018 11:00:00 PM,27.48559,VEA
6/6/2018 12:00:00 AM,24.65872,PGAE
6/6/2018 12:00:00 AM,24.76769,SCE
6/6/2018 12:00:00 AM,25.26051,SDGE
6/6/2018 12:00:00 AM,24.26991,VEA
6/6/2018 1:00:00 AM,22.01469,PGAE
6/6/2018 1:00:00 AM,22.16968,SCE
6/6/2018 1:00:00 AM,22.62800,SDGE
6/6/2018 1:00:00 AM,21.71579,VEA
6/6/2018 2:00:00 AM,20.83849,PGAE
6/6/2018 2:00:00 AM,20.96416,SCE
6/6/2018 2:00:00 AM,21.36631,SDGE
6/6/2018 2:00:00 AM,20.57458,VEA
6/6/2018 3:00:00 AM,20.10055,PGAE
6/6/2018 3:00:00 AM,20.26032,SCE
6/6/2018 3:00:00 AM,20.62840,SDGE
6/6/2018 3:00:00 AM,19.88213,VEA
6/6/2018 4:00:00 AM,21.82397,PGAE
6/6/2018 4:00:00 AM,21.99083,SCE
6/6/2018 4:00:00 AM,22.39920,SDGE
6/6/2018 4:00:00 AM,21.57587,VEA
6/6/2018 5:00:00 AM,26.26916,PGAE
6/6/2018 5:00:00 AM,26.39054,SCE
6/6/2018 5:00:00 AM,26.91302,SDGE
6/6/2018 5:00:00 AM,25.86806,VEA
6/6/2018 6:00:00 AM,33.74727,PGAE
6/6/2018 6:00:00 AM,33.75541,SCE
6/6/2018 6:00:00 AM,36.44198,SDGE
6/6/2018 6:00:00 AM,32.64510,VEA
6/6/2018 7:00:00 AM,29.78778,PGAE
6/6/2018 7:00:00 AM,30.64333,SCE
6/6/2018 7:00:00 AM,45.96628,SDGE
6/6/2018 7:00:00 AM,27.15923,VEA
6/6/2018 8:00:00 AM,25.28019,PGAE
6/6/2018 8:00:00 AM,24.89181,SCE
6/6/2018 8:00:00 AM,27.67733,SDGE
6/6/2018 8:00:00 AM,23.84409,VEA
6/6/2018 9:00:00 AM,25.02144,PGAE
6/6/2018 9:00:00 AM,24.62223,SCE
6/6/2018 9:00:00 AM,27.57772,SDGE
6/6/2018 9:00:00 AM,23.41498,VEA
6/6/2018 10:00:00 AM,25.10781,PGAE
6/6/2018 10:00:00 AM,24.56810,SCE
6/6/2018 10:00:00 AM,26.13095,SDGE
6/6/2018 10:00:00 AM,23.59357,VEA
6/6/2018 11:00:00 AM,24.62162,PGAE
6/6/2018 11:00:00 AM,24.06226,SCE
6/6/2018 11:00:00 AM,24.35896,SDGE
6/6/2018 11:00:00 AM,23.27672,VEA
6/6/2018 12:00:00 PM,22.95925,PGAE
6/6/2018 12:00:00 PM,22.38425,SCE
6/6/2018 12:00:00 PM,22.58346,SDGE
6/6/2018 12:00:00 PM,21.72096,VEA
6/6/2018 1:00:00 PM,24.68863,PGAE
6/6/2018 1:00:00 PM,24.15152,SCE
6/6/2018 1:00:00 PM,24.27886,SDGE
6/6/2018 1:00:00 PM,23.25511,VEA
6/6/2018 2:00:00 PM,24.07301,PGAE
6/6/2018 2:00:00 PM,24.94223,SCE
6/6/2018 2:00:00 PM,24.49874,SDGE
6/6/2018 2:00:00 PM,22.59424,VEA
6/6/2018 3:00:00 PM,25.20562,PGAE
6/6/2018 3:00:00 PM,24.96000,SCE
6/6/2018 3:00:00 PM,25.17053,SDGE
6/6/2018 3:00:00 PM,24.14546,VEA
6/6/2018 4:00:00 PM,25.58755,PGAE
6/6/2018 4:00:00 PM,25.30776,SCE
6/6/2018 4:00:00 PM,25.59772,SDGE
6/6/2018 4:00:00 PM,24.52945,VEA
6/6/2018 5:00:00 PM,30.74867,PGAE
6/6/2018 5:00:00 PM,32.32150,SCE
6/6/2018 5:00:00 PM,32.24537,SDGE
6/6/2018 5:00:00 PM,29.74868,VEA
6/6/2018 6:00:00 PM,39.68247,PGAE
6/6/2018 6:00:00 PM,41.88806,SCE
6/6/2018 6:00:00 PM,42.24380,SDGE
6/6/2018 6:00:00 PM,38.79735,VEA
6/6/2018 7:00:00 PM,52.02135,PGAE
6/6/2018 7:00:00 PM,54.74561,SCE
6/6/2018 7:00:00 PM,55.61538,SDGE
6/6/2018 7:00:00 PM,52.35893,VEA
6/6/2018 8:00:00 PM,49.82662,PGAE
6/6/2018 8:00:00 PM,51.52758,SCE
6/6/2018 8:00:00 PM,52.00263,SDGE
6/6/2018 8:00:00 PM,48.34728,VEA
6/6/2018 9:00:00 PM,41.52390,PGAE
6/6/2018 9:00:00 PM,43.21609,SCE
6/6/2018 9:00:00 PM,43.61486,SDGE
6/6/2018 9:00:00 PM,40.40496,VEA
6/6/2018 10:00:00 PM,29.20604,PGAE
6/6/2018 10:00:00 PM,29.35562,SCE
6/6/2018 10:00:00 PM,30.06538,SDGE
6/6/2018 10:00:00 PM,28.59892,VEA
6/6/2018 11:00:00 PM,24.65146,PGAE
6/6/2018 11:00:00 PM,24.80014,SCE
6/6/2018 11:00:00 PM,25.49647,SDGE
6/6/2018 11:00:00 PM,24.26489,VEA
6/7/2018 12:00:00 AM,20.97793,PGAE
6/7/2018 12:00:00 AM,20.99475,SCE
6/7/2018 12:00:00 AM,21.51000,SDGE
6/7/2018 12:00:00 AM,20.55522,VEA
6/7/2018 1:00:00 AM,18.76454,PGAE
6/7/2018 1:00:00 AM,18.76265,SCE
6/7/2018 1:00:00 AM,19.25537,SDGE
6/7/2018 1:00:00 AM,18.39030,VEA
6/7/2018 2:00:00 AM,19.86140,PGAE
6/7/2018 2:00:00 AM,19.81171,SCE
6/7/2018 2:00:00 AM,20.27878,SDGE
6/7/2018 2:00:00 AM,19.45992,VEA
6/7/2018 3:00:00 AM,18.46007,PGAE
6/7/2018 3:00:00 AM,18.41757,SCE
6/7/2018 3:00:00 AM,18.86286,SDGE
6/7/2018 3:00:00 AM,18.09608,VEA
6/7/2018 4:00:00 AM,19.37947,PGAE
6/7/2018 4:00:00 AM,19.54100,SCE
6/7/2018 4:00:00 AM,21.97893,SDGE
6/7/2018 4:00:00 AM,18.81280,VEA
6/7/2018 5:00:00 AM,23.27114,PGAE
6/7/2018 5:00:00 AM,23.67231,SCE
6/7/2018 5:00:00 AM,27.68509,SDGE
6/7/2018 5:00:00 AM,22.53621,VEA
6/7/2018 6:00:00 AM,27.40639,PGAE
6/7/2018 6:00:00 AM,28.21658,SCE
6/7/2018 6:00:00 AM,39.93873,SDGE
6/7/2018 6:00:00 AM,25.44483,VEA
6/7/2018 7:00:00 AM,23.41662,PGAE
6/7/2018 7:00:00 AM,24.04014,SCE
6/7/2018 7:00:00 AM,38.60227,SDGE
6/7/2018 7:00:00 AM,20.75327,VEA
6/7/2018 8:00:00 AM,18.07144,PGAE
6/7/2018 8:00:00 AM,17.64627,SCE
6/7/2018 8:00:00 AM,21.32813,SDGE
6/7/2018 8:00:00 AM,16.54904,VEA
6/7/2018 9:00:00 AM,18.74212,PGAE
6/7/2018 9:00:00 AM,18.33000,SCE
6/7/2018 9:00:00 AM,21.65794,SDGE
6/7/2018 9:00:00 AM,17.19088,VEA
6/7/2018 10:00:00 AM,18.03052,PGAE
6/7/2018 10:00:00 AM,17.42119,SCE
6/7/2018 10:00:00 AM,18.07207,SDGE
6/7/2018 10:00:00 AM,16.78809,VEA
6/7/2018 11:00:00 AM,17.84896,PGAE
6/7/2018 11:00:00 AM,17.31000,SCE
6/7/2018 11:00:00 AM,17.61020,SDGE
6/7/2018 11:00:00 AM,16.73593,VEA
6/7/2018 12:00:00 PM,17.17634,PGAE
6/7/2018 12:00:00 PM,16.77279,SCE
6/7/2018 12:00:00 PM,17.03900,SDGE
6/7/2018 12:00:00 PM,16.23529,VEA
6/7/2018 1:00:00 PM,17.74703,PGAE
6/7/2018 1:00:00 PM,17.33023,SCE
6/7/2018 1:00:00 PM,17.55614,SDGE
6/7/2018 1:00:00 PM,16.74882,VEA
6/7/2018 2:00:00 PM,18.53228,PGAE
6/7/2018 2:00:00 PM,18.19646,SCE
6/7/2018 2:00:00 PM,18.46988,SDGE
6/7/2018 2:00:00 PM,17.55969,VEA
6/7/2018 3:00:00 PM,19.60548,PGAE
6/7/2018 3:00:00 PM,19.27545,SCE
6/7/2018 3:00:00 PM,19.33175,SDGE
6/7/2018 3:00:00 PM,18.60764,VEA
6/7/2018 4:00:00 PM,19.96627,PGAE
6/7/2018 4:00:00 PM,19.67912,SCE
6/7/2018 4:00:00 PM,19.80784,SDGE
6/7/2018 4:00:00 PM,18.95627,VEA
6/7/2018 5:00:00 PM,25.60803,PGAE
6/7/2018 5:00:00 PM,26.73532,SCE
6/7/2018 5:00:00 PM,26.54597,SDGE
6/7/2018 5:00:00 PM,24.51051,VEA
6/7/2018 6:00:00 PM,33.81785,PGAE
6/7/2018 6:00:00 PM,34.48256,SCE
6/7/2018 6:00:00 PM,35.30488,SDGE
6/7/2018 6:00:00 PM,33.30391,VEA
6/7/2018 7:00:00 PM,44.91485,PGAE
6/7/2018 7:00:00 PM,46.13000,SCE
6/7/2018 7:00:00 PM,47.17156,SDGE
6/7/2018 7:00:00 PM,44.59964,VEA
6/7/2018 8:00:00 PM,48.49961,PGAE
6/7/2018 8:00:00 PM,50.56062,SCE
6/7/2018 8:00:00 PM,52.61362,SDGE
6/7/2018 8:00:00 PM,46.46486,VEA
6/7/2018 9:00:00 PM,41.42000,PGAE
6/7/2018 9:00:00 PM,42.23880,SCE
6/7/2018 9:00:00 PM,43.18355,SDGE
6/7/2018 9:00:00 PM,40.62937,VEA
6/7/2018 10:00:00 PM,29.53635,PGAE
6/7/2018 10:00:00 PM,30.84243,SCE
6/7/2018 10:00:00 PM,31.06631,SDGE
6/7/2018 10:00:00 PM,28.91620,VEA
6/7/2018 11:00:00 PM,23.85782,PGAE
6/7/2018 11:00:00 PM,23.98245,SCE
6/7/2018 11:00:00 PM,24.42826,SDGE
6/7/2018 11:00:00 PM,23.42879,VEA
6/8/2018 12:00:00 AM,21.95002,PGAE
6/8/2018 12:00:00 AM,21.84695,SCE
6/8/2018 12:00:00 AM,22.22415,SDGE
6/8/2018 12:00:00 AM,21.39080,VEA
6/8/2018 1:00:00 AM,18.65455,PGAE
6/8/2018 1:00:00 AM,18.48347,SCE
6/8/2018 1:00:00 AM,18.82376,SDGE
6/8/2018 1:00:00 AM,18.14132,VEA
6/8/2018 2:00:00 AM,17.88570,PGAE
6/8/2018 2:00:00 AM,17.65795,SCE
6/8/2018 2:00:00 AM,17.97289,SDGE
6/8/2018 2:00:00 AM,17.36970,VEA
6/8/2018 3:00:00 AM,17.55961,PGAE
6/8/2018 3:00:00 AM,17.36725,SCE
6/8/2018 3:00:00 AM,17.70651,SDGE
6/8/2018 3:00:00 AM,17.09618,VEA
6/8/2018 4:00:00 AM,20.09311,PGAE
6/8/2018 4:00:00 AM,20.05689,SCE
6/8/2018 4:00:00 AM,20.55187,SDGE
6/8/2018 4:00:00 AM,19.72087,VEA
6/8/2018 5:00:00 AM,24.04710,PGAE
6/8/2018 5:00:00 AM,23.98932,SCE
6/8/2018 5:00:00 AM,24.54537,SDGE
6/8/2018 5:00:00 AM,23.56086,VEA
6/8/2018 6:00:00 AM,28.75954,PGAE
6/8/2018 6:00:00 AM,28.48492,SCE
6/8/2018 6:00:00 AM,30.16794,SDGE
6/8/2018 6:00:00 AM,27.67288,VEA
6/8/2018 7:00:00 AM,21.55964,PGAE
6/8/2018 7:00:00 AM,20.96374,SCE
6/8/2018 7:00:00 AM,24.68161,SDGE
6/8/2018 7:00:00 AM,19.85388,VEA
6/8/2018 8:00:00 AM,20.34997,PGAE
6/8/2018 8:00:00 AM,19.51752,SCE
6/8/2018 8:00:00 AM,21.73932,SDGE
6/8/2018 8:00:00 AM,18.66688,VEA
6/8/2018 9:00:00 AM,21.33055,PGAE
6/8/2018 9:00:00 AM,20.42480,SCE
6/8/2018 9:00:00 AM,21.18666,SDGE
6/8/2018 9:00:00 AM,19.70985,VEA
6/8/2018 10:00:00 AM,22.46551,PGAE
6/8/2018 10:00:00 AM,21.43012,SCE
6/8/2018 10:00:00 AM,21.61400,SDGE
6/8/2018 10:00:00 AM,20.73840,VEA
6/8/2018 11:00:00 AM,23.47826,PGAE
6/8/2018 11:00:00 AM,22.61602,SCE
6/8/2018 11:00:00 AM,22.80456,SDGE
6/8/2018 11:00:00 AM,21.78137,VEA
6/8/2018 12:00:00 PM,25.84365,PGAE
6/8/2018 12:00:00 PM,25.28711,SCE
6/8/2018 12:00:00 PM,25.47858,SDGE
6/8/2018 12:00:00 PM,24.39357,VEA
6/8/2018 1:00:00 PM,25.99785,PGAE
6/8/2018 1:00:00 PM,25.56018,SCE
6/8/2018 1:00:00 PM,25.69406,SDGE
6/8/2018 1:00:00 PM,24.61274,VEA
6/8/2018 2:00:00 PM,26.16555,PGAE
6/8/2018 2:00:00 PM,25.81495,SCE
6/8/2018 2:00:00 PM,25.99415,SDGE
6/8/2018 2:00:00 PM,24.85922,VEA
6/8/2018 3:00:00 PM,29.18281,PGAE
6/8/2018 3:00:00 PM,31.88574,SCE
6/8/2018 3:00:00 PM,30.98592,SDGE
6/8/2018 3:00:00 PM,26.80118,VEA
6/8/2018 4:00:00 PM,27.88535,PGAE
6/8/2018 4:00:00 PM,27.54732,SCE
6/8/2018 4:00:00 PM,27.82994,SDGE
6/8/2018 4:00:00 PM,26.57754,VEA
6/8/2018 5:00:00 PM,31.48702,PGAE
6/8/2018 5:00:00 PM,33.54440,SCE
6/8/2018 5:00:00 PM,34.22328,SDGE
6/8/2018 5:00:00 PM,29.88827,VEA
6/8/2018 6:00:00 PM,38.26652,PGAE
6/8/2018 6:00:00 PM,38.80401,SCE
6/8/2018 6:00:00 PM,39.83260,SDGE
6/8/2018 6:00:00 PM,37.69744,VEA
6/8/2018 7:00:00 PM,50.28170,PGAE
6/8/2018 7:00:00 PM,51.19813,SCE
6/8/2018 7:00:00 PM,52.48114,SDGE
6/8/2018 7:00:00 PM,49.05058,VEA
6/8/2018 8:00:00 PM,46.48223,PGAE
6/8/2018 8:00:00 PM,47.15766,SCE
6/8/2018 8:00:00 PM,48.71492,SDGE
6/8/2018 8:00:00 PM,44.75271,VEA
6/8/2018 9:00:00 PM,40.58746,PGAE
6/8/2018 9:00:00 PM,40.76696,SCE
6/8/2018 9:00:00 PM,41.69402,SDGE
6/8/2018 9:00:00 PM,39.17266,VEA
6/8/2018 10:00:00 PM,31.21934,PGAE
6/8/2018 10:00:00 PM,31.22247,SCE
6/8/2018 10:00:00 PM,32.10515,SDGE
6/8/2018 10:00:00 PM,29.50806,VEA
6/8/2018 11:00:00 PM,27.06043,PGAE
6/8/2018 11:00:00 PM,26.99000,SCE
6/8/2018 11:00:00 PM,27.36370,SDGE
6/8/2018 11:00:00 PM,26.09033,VEA
6/9/2018 12:00:00 AM,27.50183,PGAE
6/9/2018 12:00:00 AM,27.03312,SCE
6/9/2018 12:00:00 AM,27.39586,SDGE
6/9/2018 12:00:00 AM,26.13010,VEA
6/9/2018 1:00:00 AM,23.35220,PGAE
6/9/2018 1:00:00 AM,23.17734,SCE
6/9/2018 1:00:00 AM,23.81383,SDGE
6/9/2018 1:00:00 AM,22.79264,VEA
6/9/2018 2:00:00 AM,20.17991,PGAE
6/9/2018 2:00:00 AM,19.92070,SCE
6/9/2018 2:00:00 AM,20.50542,SDGE
6/9/2018 2:00:00 AM,19.65346,VEA
6/9/2018 3:00:00 AM,20.39393,PGAE
6/9/2018 3:00:00 AM,20.17847,SCE
6/9/2018 3:00:00 AM,20.72120,SDGE
6/9/2018 3:00:00 AM,19.87153,VEA
6/9/2018 4:00:00 AM,19.32858,PGAE
6/9/2018 4:00:00 AM,19.14543,SCE
6/9/2018 4:00:00 AM,19.66595,SDGE
6/9/2018 4:00:00 AM,18.87554,VEA
6/9/2018 5:00:00 AM,16.30229,PGAE
6/9/2018 5:00:00 AM,16.33314,SCE
6/9/2018 5:00:00 AM,18.54300,SDGE
6/9/2018 5:00:00 AM,15.75487,VEA
6/9/2018 6:00:00 AM,13.34856,PGAE
6/9/2018 6:00:00 AM,13.40222,SCE
6/9/2018 6:00:00 AM,17.43582,SDGE
6/9/2018 6:00:00 AM,12.54216,VEA
6/9/2018 7:00:00 AM,3.96165,PGAE
6/9/2018 7:00:00 AM,4.61249,SCE
6/9/2018 7:00:00 AM,14.71014,SDGE
6/9/2018 7:00:00 AM,2.74197,VEA
6/9/2018 8:00:00 AM,1.02309,PGAE
6/9/2018 8:00:00 AM,1.25698,SCE
6/9/2018 8:00:00 AM,4.88428,SDGE
6/9/2018 8:00:00 AM,0.58964,VEA
6/9/2018 9:00:00 AM,0.90226,PGAE
6/9/2018 9:00:00 AM,1.20671,SCE
6/9/2018 9:00:00 AM,5.89691,SDGE
6/9/2018 9:00:00 AM,0.35703,VEA
6/9/2018 10:00:00 AM,1.31656,PGAE
6/9/2018 10:00:00 AM,1.81269,SCE
6/9/2018 10:00:00 AM,9.30840,SDGE
6/9/2018 10:00:00 AM,0.44926,VEA
6/9/2018 11:00:00 AM,4.12606,PGAE
6/9/2018 11:00:00 AM,4.06466,SCE
6/9/2018 11:00:00 AM,5.91151,SDGE
6/9/2018 11:00:00 AM,3.64777,VEA
6/9/2018 12:00:00 PM,6.12941,PGAE
6/9/2018 12:00:00 PM,5.92137,SCE
6/9/2018 12:00:00 PM,6.03080,SDGE
6/9/2018 12:00:00 PM,5.77045,VEA
6/9/2018 1:00:00 PM,7.07846,PGAE
6/9/2018 1:00:00 PM,7.45251,SCE
6/9/2018 1:00:00 PM,7.28855,SDGE
6/9/2018 1:00:00 PM,6.64561,VEA
6/9/2018 2:00:00 PM,6.57597,PGAE
6/9/2018 2:00:00 PM,11.28475,SCE
6/9/2018 2:00:00 PM,8.93234,SDGE
6/9/2018 2:00:00 PM,5.67885,VEA
6/9/2018 3:00:00 PM,9.53533,PGAE
6/9/2018 3:00:00 PM,12.43763,SCE
6/9/2018 3:00:00 PM,11.07120,SDGE
6/9/2018 3:00:00 PM,8.77267,VEA
6/9/2018 4:00:00 PM,15.12677,PGAE
6/9/2018 4:00:00 PM,16.29781,SCE
6/9/2018 4:00:00 PM,16.00932,SDGE
6/9/2018 4:00:00 PM,14.52159,VEA
6/9/2018 5:00:00 PM,21.35246,PGAE
6/9/2018 5:00:00 PM,22.93227,SCE
6/9/2018 5:00:00 PM,22.64559,SDGE
6/9/2018 5:00:00 PM,20.64462,VEA
6/9/2018 6:00:00 PM,34.71770,PGAE
6/9/2018 6:00:00 PM,37.51906,SCE
6/9/2018 6:00:00 PM,37.00916,SDGE
6/9/2018 6:00:00 PM,33.39382,VEA
6/9/2018 7:00:00 PM,43.16482,PGAE
6/9/2018 7:00:00 PM,44.33264,SCE
6/9/2018 7:00:00 PM,44.15734,SDGE
6/9/2018 7:00:00 PM,40.62482,VEA
6/9/2018 8:00:00 PM,47.60757,PGAE
6/9/2018 8:00:00 PM,47.82466,SCE
6/9/2018 8:00:00 PM,49.12618,SDGE
6/9/2018 8:00:00 PM,43.80458,VEA
6/9/2018 9:00:00 PM,43.05324,PGAE
6/9/2018 9:00:00 PM,42.41636,SCE
6/9/2018 9:00:00 PM,42.91840,SDGE
6/9/2018 9:00:00 PM,40.33112,VEA
6/9/2018 10:00:00 PM,32.89467,PGAE
6/9/2018 10:00:00 PM,32.04553,SCE
6/9/2018 10:00:00 PM,32.21340,SDGE
6/9/2018 10:00:00 PM,30.32793,VEA
6/9/2018 11:00:00 PM,25.66062,PGAE
6/9/2018 11:00:00 PM,25.54267,SCE
6/9/2018 11:00:00 PM,26.14783,SDGE
6/9/2018 11:00:00 PM,25.01443,VEA
6/10/2018 12:00:00 AM,18.78000,PGAE
6/10/2018 12:00:00 AM,18.15884,SCE
6/10/2018 12:00:00 AM,18.94369,SDGE
6/10/2018 12:00:00 AM,17.18247,VEA
6/10/2018 1:00:00 AM,15.25000,PGAE
6/10/2018 1:00:00 AM,15.06717,SCE
6/10/2018 1:00:00 AM,16.79786,SDGE
6/10/2018 1:00:00 AM,14.58357,VEA
6/10/2018 2:00:00 AM,15.81451,PGAE
6/10/2018 2:00:00 AM,15.62127,SCE
6/10/2018 2:00:00 AM,16.85424,SDGE
6/10/2018 2:00:00 AM,15.23968,VEA
6/10/2018 3:00:00 AM,12.49000,PGAE
6/10/2018 3:00:00 AM,12.32262,SCE
6/10/2018 3:00:00 AM,13.71789,SDGE
6/10/2018 3:00:00 AM,11.95418,VEA
6/10/2018 4:00:00 AM,12.88429,PGAE
6/10/2018 4:00:00 AM,12.77891,SCE
6/10/2018 4:00:00 AM,14.64426,SDGE
6/10/2018 4:00:00 AM,12.29605,VEA
6/10/2018 5:00:00 AM,10.47100,PGAE
6/10/2018 5:00:00 AM,10.23861,SCE
6/10/2018 5:00:00 AM,10.52495,SDGE
6/10/2018 5:00:00 AM,10.08403,VEA
6/10/2018 6:00:00 AM,3.79717,PGAE
6/10/2018 6:00:00 AM,3.68035,SCE
6/10/2018 6:00:00 AM,3.78369,SDGE
6/10/2018 6:00:00 AM,3.63205,VEA
6/10/2018 7:00:00 AM,-2.17605,PGAE
6/10/2018 7:00:00 AM,-1.84010,SCE
6/10/2018 7:00:00 AM,0.74510,SDGE
6/10/2018 7:00:00 AM,-2.32818,VEA
6/10/2018 8:00:00 AM,-5.46811,PGAE
6/10/2018 8:00:00 AM,-4.85037,SCE
6/10/2018 8:00:00 AM,-1.60069,SDGE
6/10/2018 8:00:00 AM,-5.44311,VEA
6/10/2018 9:00:00 AM,-5.46204,PGAE
6/10/2018 9:00:00 AM,-4.68706,SCE
6/10/2018 9:00:00 AM,0.82749,SDGE
6/10/2018 9:00:00 AM,-5.70701,VEA
6/10/2018 10:00:00 AM,-5.06153,PGAE
6/10/2018 10:00:00 AM,-4.47368,SCE
6/10/2018 10:00:00 AM,-0.69471,SDGE
6/10/2018 10:00:00 AM,-5.14596,VEA
6/10/2018 11:00:00 AM,-2.20573,PGAE
6/10/2018 11:00:00 AM,-1.95508,SCE
6/10/2018 11:00:00 AM,-0.19101,SDGE
6/10/2018 11:00:00 AM,-2.26607,VEA
6/10/2018 12:00:00 PM,-0.21251,PGAE
6/10/2018 12:00:00 PM,-0.10428,SCE
6/10/2018 12:00:00 PM,1.08203,SDGE
6/10/2018 12:00:00 PM,-0.33310,VEA
6/10/2018 1:00:00 PM,-0.02274,PGAE
6/10/2018 1:00:00 PM,0.19494,SCE
6/10/2018 1:00:00 PM,2.67829,SDGE
6/10/2018 1:00:00 PM,-0.29654,VEA
6/10/2018 2:00:00 PM,0.29414,PGAE
6/10/2018 2:00:00 PM,0.37485,SCE
6/10/2018 2:00:00 PM,1.34442,SDGE
6/10/2018 2:00:00 PM,0.17603,VEA
6/10/2018 3:00:00 PM,5.26649,PGAE
6/10/2018 3:00:00 PM,5.22501,SCE
6/10/2018 3:00:00 PM,5.37834,SDGE
6/10/2018 3:00:00 PM,5.06379,VEA
6/10/2018 4:00:00 PM,9.72486,PGAE
6/10/2018 4:00:00 PM,10.05888,SCE
6/10/2018 4:00:00 PM,10.20958,SDGE
6/10/2018 4:00:00 PM,9.31419,VEA
6/10/2018 5:00:00 PM,19.85947,PGAE
6/10/2018 5:00:00 PM,20.51000,SCE
6/10/2018 5:00:00 PM,20.27649,SDGE
6/10/2018 5:00:00 PM,18.14027,VEA
6/10/2018 6:00:00 PM,32.52314,PGAE
6/10/2018 6:00:00 PM,32.49248,SCE
6/10/2018 6:00:00 PM,33.23897,SDGE
6/10/2018 6:00:00 PM,30.76644,VEA
6/10/2018 7:00:00 PM,43.48546,PGAE
6/10/2018 7:00:00 PM,42.70000,SCE
6/10/2018 7:00:00 PM,43.18778,SDGE
6/10/2018 7:00:00 PM,39.53145,VEA
6/10/2018 8:00:00 PM,43.82427,PGAE
6/10/2018 8:00:00 PM,44.45889,SCE
6/10/2018 8:00:00 PM,46.51363,SDGE
6/10/2018 8:00:00 PM,43.27840,VEA
6/10/2018 9:00:00 PM,37.57037,PGAE
6/10/2018 9:00:00 PM,37.48000,SCE
6/10/2018 9:00:00 PM,38.91835,SDGE
6/10/2018 9:00:00 PM,36.56879,VEA
6/10/2018 10:00:00 PM,29.27588,PGAE
6/10/2018 10:00:00 PM,28.63203,SCE
6/10/2018 10:00:00 PM,29.05277,SDGE
6/10/2018 10:00:00 PM,27.05991,VEA
6/10/2018 11:00:00 PM,20.96141,PGAE
6/10/2018 11:00:00 PM,20.73362,SCE
6/10/2018 11:00:00 PM,21.43999,SDGE
6/10/2018 11:00:00 PM,20.39506,VEA
6/11/2018 12:00:00 AM,23.05050,PGAE
6/11/2018 12:00:00 AM,23.00433,SCE
6/11/2018 12:00:00 AM,23.64604,SDGE
6/11/2018 12:00:00 AM,22.65348,VEA
6/11/2018 1:00:00 AM,20.75308,PGAE
6/11/2018 1:00:00 AM,20.69906,SCE
6/11/2018 1:00:00 AM,21.27663,SDGE
6/11/2018 1:00:00 AM,20.40612,VEA
6/11/2018 2:00:00 AM,18.95224,PGAE
6/11/2018 2:00:00 AM,18.88207,SCE
6/11/2018 2:00:00 AM,19.41690,SDGE
6/11/2018 2:00:00 AM,18.63741,VEA
6/11/2018 3:00:00 AM,19.49367,PGAE
6/11/2018 3:00:00 AM,19.35735,SCE
6/11/2018 3:00:00 AM,19.94547,SDGE
6/11/2018 3:00:00 AM,19.14898,VEA
6/11/2018 4:00:00 AM,21.70245,PGAE
6/11/2018 4:00:00 AM,21.58094,SCE
6/11/2018 4:00:00 AM,22.22321,SDGE
6/11/2018 4:00:00 AM,21.31840,VEA
6/11/2018 5:00:00 AM,27.33747,PGAE
6/11/2018 5:00:00 AM,27.33473,SCE
6/11/2018 5:00:00 AM,28.12152,SDGE
6/11/2018 5:00:00 AM,26.80016,VEA
6/11/2018 6:00:00 AM,29.07500,PGAE
6/11/2018 6:00:00 AM,28.80220,SCE
6/11/2018 6:00:00 AM,30.87455,SDGE
6/11/2018 6:00:00 AM,27.97261,VEA
6/11/2018 7:00:00 AM,26.46223,PGAE
6/11/2018 7:00:00 AM,25.64111,SCE
6/11/2018 7:00:00 AM,28.83587,SDGE
6/11/2018 7:00:00 AM,24.55757,VEA
6/11/2018 8:00:00 AM,23.99529,PGAE
6/11/2018 8:00:00 AM,23.14256,SCE
6/11/2018 8:00:00 AM,26.27321,SDGE
6/11/2018 8:00:00 AM,22.07860,VEA
6/11/2018 9:00:00 AM,23.25038,PGAE
6/11/2018 9:00:00 AM,22.60561,SCE
6/11/2018 9:00:00 AM,25.63510,SDGE
6/11/2018 9:00:00 AM,21.45970,VEA
6/11/2018 10:00:00 AM,24.30574,PGAE
6/11/2018 10:00:00 AM,26.13657,SCE
6/11/2018 10:00:00 AM,30.79708,SDGE
6/11/2018 10:00:00 AM,23.24575,VEA
6/11/2018 11:00:00 AM,25.27054,PGAE
6/11/2018 11:00:00 AM,30.17122,SCE
6/11/2018 11:00:00 AM,34.50091,SDGE
6/11/2018 11:00:00 AM,24.29372,VEA
6/11/2018 12:00:00 PM,25.89710,PGAE
6/11/2018 12:00:00 PM,33.47487,SCE
6/11/2018 12:00:00 PM,38.81815,SDGE
6/11/2018 12:00:00 PM,26.20113,VEA
6/11/2018 1:00:00 PM,26.22187,PGAE
6/11/2018 1:00:00 PM,34.31713,SCE
6/11/2018 1:00:00 PM,39.47243,SDGE
6/11/2018 1:00:00 PM,26.57710,VEA
6/11/2018 2:00:00 PM,25.74602,PGAE
6/11/2018 2:00:00 PM,47.16068,SCE
6/11/2018 2:00:00 PM,45.29431,SDGE
6/11/2018 2:00:00 PM,26.35645,VEA
6/11/2018 3:00:00 PM,27.47250,PGAE
6/11/2018 3:00:00 PM,43.66262,SCE
6/11/2018 3:00:00 PM,55.27857,SDGE
6/11/2018 3:00:00 PM,29.79349,VEA
6/11/2018 4:00:00 PM,28.94531,PGAE
6/11/2018 4:00:00 PM,54.00000,SCE
6/11/2018 4:00:00 PM,60.12025,SDGE
6/11/2018 4:00:00 PM,30.56873,VEA
6/11/2018 5:00:00 PM,35.16996,PGAE
6/11/2018 5:00:00 PM,50.71782,SCE
6/11/2018 5:00:00 PM,64.02000,SDGE
6/11/2018 5:00:00 PM,35.59739,VEA
6/11/2018 6:00:00 PM,38.11486,PGAE
6/11/2018 6:00:00 PM,56.95557,SCE
6/11/2018 6:00:00 PM,80.68000,SDGE
6/11/2018 6:00:00 PM,40.58020,VEA
6/11/2018 7:00:00 PM,65.91633,PGAE
6/11/2018 7:00:00 PM,65.09381,SCE
6/11/2018 7:00:00 PM,63.67253,SDGE
6/11/2018 7:00:00 PM,58.17226,VEA
6/11/2018 8:00:00 PM,52.99841,PGAE
6/11/2018 8:00:00 PM,53.62882,SCE
6/11/2018 8:00:00 PM,52.57086,SDGE
6/11/2018 8:00:00 PM,48.18575,VEA
6/11/2018 9:00:00 PM,45.49411,PGAE
6/11/2018 9:00:00 PM,46.80841,SCE
6/11/2018 9:00:00 PM,45.99030,SDGE
6/11/2018 9:00:00 PM,41.86310,VEA
6/11/2018 10:00:00 PM,32.68929,PGAE
6/11/2018 10:00:00 PM,33.15914,SCE
6/11/2018 10:00:00 PM,32.82545,SDGE
6/11/2018 10:00:00 PM,29.90700,VEA
6/11/2018 11:00:00 PM,28.45101,PGAE
6/11/2018 11:00:00 PM,29.61928,SCE
6/11/2018 11:00:00 PM,29.85047,SDGE
6/11/2018 11:00:00 PM,27.64498,VEA
6/12/2018 12:00:00 AM,31.01262,PGAE
6/12/2018 12:00:00 AM,30.86702,SCE
6/12/2018 12:00:00 AM,31.55165,SDGE
6/12/2018 12:00:00 AM,30.22886,VEA
6/12/2018 1:00:00 AM,26.01607,PGAE
6/12/2018 1:00:00 AM,25.63101,SCE
6/12/2018 1:00:00 AM,26.18663,SDGE
6/12/2018 1:00:00 AM,25.15291,VEA
6/12/2018 2:00:00 AM,24.40383,PGAE
6/12/2018 2:00:00 AM,24.01127,SCE
6/12/2018 2:00:00 AM,24.58799,SDGE
6/12/2018 2:00:00 AM,23.59933,VEA
6/12/2018 3:00:00 AM,23.33404,PGAE
6/12/2018 3:00:00 AM,22.92422,SCE
6/12/2018 3:00:00 AM,23.47296,SDGE
6/12/2018 3:00:00 AM,22.54219,VEA
6/12/2018 4:00:00 AM,24.94710,PGAE
6/12/2018 4:00:00 AM,24.49910,SCE
6/12/2018 4:00:00 AM,25.07828,SDGE
6/12/2018 4:00:00 AM,24.06842,VEA
6/12/2018 5:00:00 AM,28.45837,PGAE
6/12/2018 5:00:00 AM,28.04527,SCE
6/12/2018 5:00:00 AM,28.75263,SDGE
6/12/2018 5:00:00 AM,27.48222,VEA
6/12/2018 6:00:00 AM,32.64577,PGAE
6/12/2018 6:00:00 AM,32.51511,SCE
6/12/2018 6:00:00 AM,33.50161,SDGE
6/12/2018 6:00:00 AM,31.82587,VEA
6/12/2018 7:00:00 AM,28.05671,PGAE
6/12/2018 7:00:00 AM,27.83838,SCE
6/12/2018 7:00:00 AM,32.98923,SDGE
6/12/2018 7:00:00 AM,26.37509,VEA
6/12/2018 8:00:00 AM,25.40621,PGAE
6/12/2018 8:00:00 AM,24.65148,SCE
6/12/2018 8:00:00 AM,26.17216,SDGE
6/12/2018 8:00:00 AM,23.92053,VEA
6/12/2018 9:00:00 AM,26.29908,PGAE
6/12/2018 9:00:00 AM,25.57766,SCE
6/12/2018 9:00:00 AM,30.04078,SDGE
6/12/2018 9:00:00 AM,24.57896,VEA
6/12/2018 10:00:00 AM,27.29026,PGAE
6/12/2018 10:00:00 AM,26.52003,SCE
6/12/2018 10:00:00 AM,32.62653,SDGE
6/12/2018 10:00:00 AM,25.34589,VEA
6/12/2018 11:00:00 AM,28.68577,PGAE
6/12/2018 11:00:00 AM,30.68471,SCE
6/12/2018 11:00:00 AM,33.77655,SDGE
6/12/2018 11:00:00 AM,26.40317,VEA
6/12/2018 12:00:00 PM,34.18456,PGAE
6/12/2018 12:00:00 PM,35.60320,SCE
6/12/2018 12:00:00 PM,43.96190,SDGE
6/12/2018 12:00:00 PM,31.87551,VEA
6/12/2018 1:00:00 PM,32.64494,PGAE
6/12/2018 1:00:00 PM,43.89466,SCE
6/12/2018 1:00:00 PM,45.83177,SDGE
6/12/2018 1:00:00 PM,29.64657,VEA
6/12/2018 2:00:00 PM,36.35748,PGAE
6/12/2018 2:00:00 PM,47.20724,SCE
6/12/2018 2:00:00 PM,50.36933,SDGE
6/12/2018 2:00:00 PM,33.20074,VEA
6/12/2018 3:00:00 PM,36.49157,PGAE
6/12/2018 3:00:00 PM,47.16712,SCE
6/12/2018 3:00:00 PM,49.30746,SDGE
6/12/2018 3:00:00 PM,33.40902,VEA
6/12/2018 4:00:00 PM,40.70038,PGAE
6/12/2018 4:00:00 PM,56.39715,SCE
6/12/2018 4:00:00 PM,64.73807,SDGE
6/12/2018 4:00:00 PM,36.33519,VEA
6/12/2018 5:00:00 PM,47.66214,PGAE
6/12/2018 5:00:00 PM,65.78829,SCE
6/12/2018 5:00:00 PM,69.12794,SDGE
6/12/2018 5:00:00 PM,41.46218,VEA
6/12/2018 6:00:00 PM,57.99065,PGAE
6/12/2018 6:00:00 PM,64.82509,SCE
6/12/2018 6:00:00 PM,83.85000,SDGE
6/12/2018 6:00:00 PM,55.82604,VEA
6/12/2018 7:00:00 PM,89.89207,PGAE
6/12/2018 7:00:00 PM,92.45000,SCE
6/12/2018 7:00:00 PM,95.43774,SDGE
6/12/2018 7:00:00 PM,86.90449,VEA
6/12/2018 8:00:00 PM,65.67340,PGAE
6/12/2018 8:00:00 PM,66.41576,SCE
6/12/2018 8:00:00 PM,66.98196,SDGE
6/12/2018 8:00:00 PM,61.62929,VEA
6/12/2018 9:00:00 PM,50.96486,PGAE
6/12/2018 9:00:00 PM,51.65945,SCE
6/12/2018 9:00:00 PM,52.43869,SDGE
6/12/2018 9:00:00 PM,48.68028,VEA
6/12/2018 10:00:00 PM,34.96890,PGAE
6/12/2018 10:00:00 PM,34.69311,SCE
6/12/2018 10:00:00 PM,35.88004,SDGE
6/12/2018 10:00:00 PM,33.84481,VEA
6/12/2018 11:00:00 PM,31.44045,PGAE
6/12/2018 11:00:00 PM,31.15517,SCE
6/12/2018 11:00:00 PM,31.95145,SDGE
6/12/2018 11:00:00 PM,30.50624,VEA
6/13/2018 12:00:00 AM,29.79720,PGAE
6/13/2018 12:00:00 AM,29.25046,SCE
6/13/2018 12:00:00 AM,29.78150,SDGE
6/13/2018 12:00:00 AM,28.58103,VEA
6/13/2018 1:00:00 AM,26.72999,PGAE
6/13/2018 1:00:00 AM,26.04644,SCE
6/13/2018 1:00:00 AM,26.61123,SDGE
6/13/2018 1:00:00 AM,25.56874,VEA
6/13/2018 2:00:00 AM,24.61225,PGAE
6/13/2018 2:00:00 AM,23.94935,SCE
6/13/2018 2:00:00 AM,24.43256,SDGE
6/13/2018 2:00:00 AM,23.53170,VEA
6/13/2018 3:00:00 AM,24.28394,PGAE
6/13/2018 3:00:00 AM,23.63461,SCE
6/13/2018 3:00:00 AM,24.09465,SDGE
6/13/2018 3:00:00 AM,23.22488,VEA
6/13/2018 4:00:00 AM,24.86126,PGAE
6/13/2018 4:00:00 AM,24.26177,SCE
6/13/2018 4:00:00 AM,24.76298,SDGE
6/13/2018 4:00:00 AM,23.82936,VEA
6/13/2018 5:00:00 AM,27.18497,PGAE
6/13/2018 5:00:00 AM,26.70222,SCE
6/13/2018 5:00:00 AM,27.34948,SDGE
6/13/2018 5:00:00 AM,26.18980,VEA
6/13/2018 6:00:00 AM,29.84612,PGAE
6/13/2018 6:00:00 AM,29.33644,SCE
6/13/2018 6:00:00 AM,30.18986,SDGE
6/13/2018 6:00:00 AM,28.68452,VEA
6/13/2018 7:00:00 AM,27.00456,PGAE
6/13/2018 7:00:00 AM,26.13756,SCE
6/13/2018 7:00:00 AM,29.77768,SDGE
6/13/2018 7:00:00 AM,25.12869,VEA
6/13/2018 8:00:00 AM,24.39203,PGAE
6/13/2018 8:00:00 AM,23.31129,SCE
6/13/2018 8:00:00 AM,27.16780,SDGE
6/13/2018 8:00:00 AM,22.64590,VEA
6/13/2018 9:00:00 AM,26.05297,PGAE
6/13/2018 9:00:00 AM,25.43451,SCE
6/13/2018 9:00:00 AM,32.88030,SDGE
6/13/2018 9:00:00 AM,23.87405,VEA
6/13/2018 10:00:00 AM,27.22334,PGAE
6/13/2018 10:00:00 AM,27.36274,SCE
6/13/2018 10:00:00 AM,30.13973,SDGE
6/13/2018 10:00:00 AM,25.15037,VEA
6/13/2018 11:00:00 AM,29.97379,PGAE
6/13/2018 11:00:00 AM,32.56857,SCE
6/13/2018 11:00:00 AM,37.90488,SDGE
6/13/2018 11:00:00 AM,27.16289,VEA
6/13/2018 12:00:00 PM,31.85593,PGAE
6/13/2018 12:00:00 PM,32.41947,SCE
6/13/2018 12:00:00 PM,43.88209,SDGE
6/13/2018 12:00:00 PM,29.34454,VEA
6/13/2018 1:00:00 PM,34.10718,PGAE
6/13/2018 1:00:00 PM,47.08264,SCE
6/13/2018 1:00:00 PM,47.19124,SDGE
6/13/2018 1:00:00 PM,29.17638,VEA
6/13/2018 2:00:00 PM,34.77762,PGAE
6/13/2018 2:00:00 PM,44.88626,SCE
6/13/2018 2:00:00 PM,46.55667,SDGE
6/13/2018 2:00:00 PM,30.28396,VEA
6/13/2018 3:00:00 PM,38.44026,PGAE
6/13/2018 3:00:00 PM,45.94542,SCE
6/13/2018 3:00:00 PM,52.19908,SDGE
6/13/2018 3:00:00 PM,33.54314,VEA
6/13/2018 4:00:00 PM,43.30143,PGAE
6/13/2018 4:00:00 PM,52.44793,SCE
6/13/2018 4:00:00 PM,64.82815,SDGE
6/13/2018 4:00:00 PM,37.38479,VEA
6/13/2018 5:00:00 PM,54.18561,PGAE
6/13/2018 5:00:00 PM,55.42983,SCE
6/13/2018 5:00:00 PM,63.16693,SDGE
6/13/2018 5:00:00 PM,45.95990,VEA
6/13/2018 6:00:00 PM,70.43566,PGAE
6/13/2018 6:00:00 PM,66.95359,SCE
6/13/2018 6:00:00 PM,72.19233,SDGE
6/13/2018 6:00:00 PM,59.44687,VEA
6/13/2018 7:00:00 PM,101.18478,PGAE
6/13/2018 7:00:00 PM,96.83605,SCE
6/13/2018 7:00:00 PM,94.40424,SDGE
6/13/2018 7:00:00 PM,87.84299,VEA
6/13/2018 8:00:00 PM,72.20311,PGAE
6/13/2018 8:00:00 PM,69.94389,SCE
6/13/2018 8:00:00 PM,69.20454,SDGE
6/13/2018 8:00:00 PM,64.20774,VEA
6/13/2018 9:00:00 PM,53.58764,PGAE
6/13/2018 9:00:00 PM,52.03268,SCE
6/13/2018 9:00:00 PM,50.79105,SDGE
6/13/2018 9:00:00 PM,46.21623,VEA
6/13/2018 10:00:00 PM,36.72667,PGAE
6/13/2018 10:00:00 PM,35.52719,SCE
6/13/2018 10:00:00 PM,35.84111,SDGE
6/13/2018 10:00:00 PM,33.56044,VEA
6/13/2018 11:00:00 PM,33.10171,PGAE
6/13/2018 11:00:00 PM,32.99279,SCE
6/13/2018 11:00:00 PM,38.58131,SDGE
6/13/2018 11:00:00 PM,31.47689,VEA
6/14/2018 12:00:00 AM,30.36379,PGAE
6/14/2018 12:00:00 AM,30.07956,SCE
6/14/2018 12:00:00 AM,30.77501,SDGE
6/14/2018 12:00:00 AM,29.46273,VEA
6/14/2018 1:00:00 AM,29.38534,PGAE
6/14/2018 1:00:00 AM,28.86398,SCE
6/14/2018 1:00:00 AM,29.56009,SDGE
6/14/2018 1:00:00 AM,28.34262,VEA
6/14/2018 2:00:00 AM,26.44002,PGAE
6/14/2018 2:00:00 AM,26.00984,SCE
6/14/2018 2:00:00 AM,26.64461,SDGE
6/14/2018 2:00:00 AM,25.54819,VEA
6/14/2018 3:00:00 AM,25.23543,PGAE
6/14/2018 3:00:00 AM,24.93928,SCE
6/14/2018 3:00:00 AM,25.52405,SDGE
6/14/2018 3:00:00 AM,24.48502,VEA
6/14/2018 4:00:00 AM,26.10261,PGAE
6/14/2018 4:00:00 AM,25.73446,SCE
6/14/2018 4:00:00 AM,26.35410,SDGE
6/14/2018 4:00:00 AM,25.25482,VEA
6/14/2018 5:00:00 AM,29.53250,PGAE
6/14/2018 5:00:00 AM,29.32336,SCE
6/14/2018 5:00:00 AM,30.09510,SDGE
6/14/2018 5:00:00 AM,28.69595,VEA
6/14/2018 6:00:00 AM,30.91733,PGAE
6/14/2018 6:00:00 AM,30.53586,SCE
6/14/2018 6:00:00 AM,31.42493,SDGE
6/14/2018 6:00:00 AM,29.86522,VEA
6/14/2018 7:00:00 AM,29.18620,PGAE
6/14/2018 7:00:00 AM,28.55407,SCE
6/14/2018 7:00:00 AM,32.26038,SDGE
6/14/2018 7:00:00 AM,27.33559,VEA
6/14/2018 8:00:00 AM,26.19201,PGAE
6/14/2018 8:00:00 AM,25.06167,SCE
6/14/2018 8:00:00 AM,25.96111,SDGE
6/14/2018 8:00:00 AM,24.40956,VEA
6/14/2018 9:00:00 AM,26.61931,PGAE
6/14/2018 9:00:00 AM,25.48189,SCE
6/14/2018 9:00:00 AM,26.21480,SDGE
6/14/2018 9:00:00 AM,24.66687,VEA
6/14/2018 10:00:00 AM,27.22144,PGAE
6/14/2018 10:00:00 AM,26.16761,SCE
6/14/2018 10:00:00 AM,27.53011,SDGE
6/14/2018 10:00:00 AM,25.26812,VEA
6/14/2018 11:00:00 AM,28.91580,PGAE
6/14/2018 11:00:00 AM,31.46664,SCE
6/14/2018 11:00:00 AM,32.00807,SDGE
6/14/2018 11:00:00 AM,26.47776,VEA
6/14/2018 12:00:00 PM,30.42549,PGAE
6/14/2018 12:00:00 PM,34.53458,SCE
6/14/2018 12:00:00 PM,34.97305,SDGE
6/14/2018 12:00:00 PM,28.03382,VEA
6/14/2018 1:00:00 PM,31.12491,PGAE
6/14/2018 1:00:00 PM,47.67593,SCE
6/14/2018 1:00:00 PM,41.67891,SDGE
6/14/2018 1:00:00 PM,26.89101,VEA
6/14/2018 2:00:00 PM,31.93388,PGAE
6/14/2018 2:00:00 PM,47.75082,SCE
6/14/2018 2:00:00 PM,42.08793,SDGE
6/14/2018 2:00:00 PM,27.99721,VEA
6/14/2018 3:00:00 PM,34.60569,PGAE
6/14/2018 3:00:00 PM,45.82396,SCE
6/14/2018 3:00:00 PM,43.09004,SDGE
6/14/2018 3:00:00 PM,31.18220,VEA
6/14/2018 4:00:00 PM,36.04493,PGAE
6/14/2018 4:00:00 PM,46.26663,SCE
6/14/2018 4:00:00 PM,44.39566,SDGE
6/14/2018 4:00:00 PM,32.71462,VEA
6/14/2018 5:00:00 PM,39.78887,PGAE
6/14/2018 5:00:00 PM,53.06699,SCE
6/14/2018 5:00:00 PM,51.08509,SDGE
6/14/2018 5:00:00 PM,35.78155,VEA
6/14/2018 6:00:00 PM,53.03075,PGAE
6/14/2018 6:00:00 PM,51.97913,SCE
6/14/2018 6:00:00 PM,56.27600,SDGE
6/14/2018 6:00:00 PM,48.57716,VEA
6/14/2018 7:00:00 PM,76.74353,PGAE
6/14/2018 7:00:00 PM,75.06878,SCE
6/14/2018 7:00:00 PM,73.44453,SDGE
6/14/2018 7:00:00 PM,68.88486,VEA
6/14/2018 8:00:00 PM,57.14503,PGAE
6/14/2018 8:00:00 PM,55.91564,SCE
6/14/2018 8:00:00 PM,55.56542,SDGE
6/14/2018 8:00:00 PM,51.87867,VEA
6/14/2018 9:00:00 PM,45.15122,PGAE
6/14/2018 9:00:00 PM,44.45741,SCE
6/14/2018 9:00:00 PM,44.63279,SDGE
6/14/2018 9:00:00 PM,41.92537,VEA
6/14/2018 10:00:00 PM,33.78082,PGAE
6/14/2018 10:00:00 PM,33.86667,SCE
6/14/2018 10:00:00 PM,40.34583,SDGE
6/14/2018 10:00:00 PM,32.04797,VEA
6/14/2018 11:00:00 PM,31.76483,PGAE
6/14/2018 11:00:00 PM,31.54297,SCE
6/14/2018 11:00:00 PM,32.41458,SDGE
6/14/2018 11:00:00 PM,30.75693,VEA
6/15/2018 12:00:00 AM,30.69992,PGAE
6/15/2018 12:00:00 AM,30.25199,SCE
6/15/2018 12:00:00 AM,30.65421,SDGE
6/15/2018 12:00:00 AM,29.59076,VEA
6/15/2018 1:00:00 AM,29.13102,PGAE
6/15/2018 1:00:00 AM,28.76631,SCE
6/15/2018 1:00:00 AM,29.18602,SDGE
6/15/2018 1:00:00 AM,28.17292,VEA
6/15/2018 2:00:00 AM,28.06248,PGAE
6/15/2018 2:00:00 AM,27.71393,SCE
6/15/2018 2:00:00 AM,28.11546,SDGE
6/15/2018 2:00:00 AM,27.20086,VEA
6/15/2018 3:00:00 AM,26.65374,PGAE
6/15/2018 3:00:00 AM,26.26749,SCE
6/15/2018 3:00:00 AM,26.67755,SDGE
6/15/2018 3:00:00 AM,25.78865,VEA
6/15/2018 4:00:00 AM,27.64415,PGAE
6/15/2018 4:00:00 AM,27.31715,SCE
6/15/2018 4:00:00 AM,27.75682,SDGE
6/15/2018 4:00:00 AM,26.80054,VEA
6/15/2018 5:00:00 AM,29.07165,PGAE
6/15/2018 5:00:00 AM,28.79098,SCE
6/15/2018 5:00:00 AM,29.28577,SDGE
6/15/2018 5:00:00 AM,28.17465,VEA
6/15/2018 6:00:00 AM,30.38985,PGAE
6/15/2018 6:00:00 AM,29.85944,SCE
6/15/2018 6:00:00 AM,30.49533,SDGE
6/15/2018 6:00:00 AM,29.22959,VEA
6/15/2018 7:00:00 AM,28.76850,PGAE
6/15/2018 7:00:00 AM,27.95157,SCE
6/15/2018 7:00:00 AM,28.63235,SDGE
6/15/2018 7:00:00 AM,27.31051,VEA
6/15/2018 8:00:00 AM,26.35908,PGAE
6/15/2018 8:00:00 AM,25.29873,SCE
6/15/2018 8:00:00 AM,25.85857,SDGE
6/15/2018 8:00:00 AM,24.71566,VEA
6/15/2018 9:00:00 AM,25.99505,PGAE
6/15/2018 9:00:00 AM,24.96013,SCE
6/15/2018 9:00:00 AM,25.41020,SDGE
6/15/2018 9:00:00 AM,24.26848,VEA
6/15/2018 10:00:00 AM,26.45208,PGAE
6/15/2018 10:00:00 AM,25.46527,SCE
6/15/2018 10:00:00 AM,26.02557,SDGE
6/15/2018 10:00:00 AM,24.65718,VEA
6/15/2018 11:00:00 AM,27.26643,PGAE
6/15/2018 11:00:00 AM,26.52529,SCE
6/15/2018 11:00:00 AM,26.98179,SDGE
6/15/2018 11:00:00 AM,25.55858,VEA
6/15/2018 12:00:00 PM,27.84107,PGAE
6/15/2018 12:00:00 PM,27.32590,SCE
6/15/2018 12:00:00 PM,29.45796,SDGE
6/15/2018 12:00:00 PM,26.43056,VEA
6/15/2018 1:00:00 PM,29.54790,PGAE
6/15/2018 1:00:00 PM,32.73099,SCE
6/15/2018 1:00:00 PM,32.66225,SDGE
6/15/2018 1:00:00 PM,27.75960,VEA
6/15/2018 2:00:00 PM,28.78843,PGAE
6/15/2018 2:00:00 PM,31.80980,SCE
6/15/2018 2:00:00 PM,32.25910,SDGE
6/15/2018 2:00:00 PM,27.18974,VEA
6/15/2018 3:00:00 PM,30.88323,PGAE
6/15/2018 3:00:00 PM,34.48386,SCE
6/15/2018 3:00:00 PM,36.51000,SDGE
6/15/2018 3:00:00 PM,29.10465,VEA
6/15/2018 4:00:00 PM,32.76046,PGAE
6/15/2018 4:00:00 PM,33.62411,SCE
6/15/2018 4:00:00 PM,33.56429,SDGE
6/15/2018 4:00:00 PM,30.96990,VEA
6/15/2018 5:00:00 PM,33.53982,PGAE
6/15/2018 5:00:00 PM,35.03302,SCE
6/15/2018 5:00:00 PM,34.79910,SDGE
6/15/2018 5:00:00 PM,32.03949,VEA
6/15/2018 6:00:00 PM,39.95115,PGAE
6/15/2018 6:00:00 PM,40.56464,SCE
6/15/2018 6:00:00 PM,41.13363,SDGE
6/15/2018 6:00:00 PM,38.40553,VEA
6/15/2018 7:00:00 PM,51.02607,PGAE
6/15/2018 7:00:00 PM,50.87076,SCE
6/15/2018 7:00:00 PM,53.67603,SDGE
6/15/2018 7:00:00 PM,48.95605,VEA
6/15/2018 8:00:00 PM,47.55045,PGAE
6/15/2018 8:00:00 PM,47.94841,SCE
6/15/2018 8:00:00 PM,49.41886,SDGE
6/15/2018 8:00:00 PM,45.42568,VEA
6/15/2018 9:00:00 PM,42.38296,PGAE
6/15/2018 9:00:00 PM,41.35165,SCE
6/15/2018 9:00:00 PM,41.63408,SDGE
6/15/2018 9:00:00 PM,39.34136,VEA
6/15/2018 10:00:00 PM,32.76184,PGAE
6/15/2018 10:00:00 PM,32.30870,SCE
6/15/2018 10:00:00 PM,32.94836,SDGE
6/15/2018 10:00:00 PM,31.51315,VEA
6/15/2018 11:00:00 PM,29.80274,PGAE
6/15/2018 11:00:00 PM,29.16839,SCE
6/15/2018 11:00:00 PM,29.98862,SDGE
6/15/2018 11:00:00 PM,28.57534,VEA
6/16/2018 12:00:00 AM,30.44550,PGAE
6/16/2018 12:00:00 AM,29.72089,SCE
6/16/2018 12:00:00 AM,30.17790,SDGE
6/16/2018 12:00:00 AM,29.04740,VEA
6/16/2018 1:00:00 AM,28.10257,PGAE
6/16/2018 1:00:00 AM,27.68396,SCE
6/16/2018 1:00:00 AM,28.11652,SDGE
6/16/2018 1:00:00 AM,27.12024,VEA
6/16/2018 2:00:00 AM,26.11251,PGAE
6/16/2018 2:00:00 AM,25.74645,SCE
6/16/2018 2:00:00 AM,26.37992,SDGE
6/16/2018 2:00:00 AM,25.23500,VEA
6/16/2018 3:00:00 AM,25.64867,PGAE
6/16/2018 3:00:00 AM,25.19066,SCE
6/16/2018 3:00:00 AM,25.79880,SDGE
6/16/2018 3:00:00 AM,24.71738,VEA
6/16/2018 4:00:00 AM,25.74463,PGAE
6/16/2018 4:00:00 AM,25.29243,SCE
6/16/2018 4:00:00 AM,25.92346,SDGE
6/16/2018 4:00:00 AM,24.85556,VEA
6/16/2018 5:00:00 AM,26.81574,PGAE
6/16/2018 5:00:00 AM,26.32900,SCE
6/16/2018 5:00:00 AM,26.91149,SDGE
6/16/2018 5:00:00 AM,25.81567,VEA
6/16/2018 6:00:00 AM,27.73848,PGAE
6/16/2018 6:00:00 AM,27.12079,SCE
6/16/2018 6:00:00 AM,27.69456,SDGE
6/16/2018 6:00:00 AM,26.62664,VEA
6/16/2018 7:00:00 AM,25.20747,PGAE
6/16/2018 7:00:00 AM,24.57542,SCE
6/16/2018 7:00:00 AM,26.80273,SDGE
6/16/2018 7:00:00 AM,23.89712,VEA
6/16/2018 8:00:00 AM,20.86156,PGAE
6/16/2018 8:00:00 AM,20.03560,SCE
6/16/2018 8:00:00 AM,20.46493,SDGE
6/16/2018 8:00:00 AM,19.68396,VEA
6/16/2018 9:00:00 AM,19.04109,PGAE
6/16/2018 9:00:00 AM,18.31284,SCE
6/16/2018 9:00:00 AM,19.84186,SDGE
6/16/2018 9:00:00 AM,17.73925,VEA
6/16/2018 10:00:00 AM,13.39141,PGAE
6/16/2018 10:00:00 AM,12.72393,SCE
6/16/2018 10:00:00 AM,12.98075,SDGE
6/16/2018 10:00:00 AM,12.43190,VEA
6/16/2018 11:00:00 AM,10.95000,PGAE
6/16/2018 11:00:00 AM,10.22061,SCE
6/16/2018 11:00:00 AM,10.44227,SDGE
6/16/2018 11:00:00 AM,10.00640,VEA
6/16/2018 12:00:00 PM,13.16844,PGAE
6/16/2018 12:00:00 PM,10.87143,SCE
6/16/2018 12:00:00 PM,11.08694,SDGE
6/16/2018 12:00:00 PM,10.78868,VEA
6/16/2018 1:00:00 PM,11.64000,PGAE
6/16/2018 1:00:00 PM,10.96558,SCE
6/16/2018 1:00:00 PM,11.10091,SDGE
6/16/2018 1:00:00 PM,10.75355,VEA
6/16/2018 2:00:00 PM,10.08165,PGAE
6/16/2018 2:00:00 PM,9.54088,SCE
6/16/2018 2:00:00 PM,9.69371,SDGE
6/16/2018 2:00:00 PM,9.34887,VEA
6/16/2018 3:00:00 PM,13.59451,PGAE
6/16/2018 3:00:00 PM,12.98503,SCE
6/16/2018 3:00:00 PM,13.18686,SDGE
6/16/2018 3:00:00 PM,12.73672,VEA
6/16/2018 4:00:00 PM,19.42283,PGAE
6/16/2018 4:00:00 PM,18.57580,SCE
6/16/2018 4:00:00 PM,18.85878,SDGE
6/16/2018 4:00:00 PM,18.22066,VEA
6/16/2018 5:00:00 PM,24.90965,PGAE
6/16/2018 5:00:00 PM,24.06169,SCE
6/16/2018 5:00:00 PM,24.50283,SDGE
6/16/2018 5:00:00 PM,23.64506,VEA
6/16/2018 6:00:00 PM,31.23831,PGAE
6/16/2018 6:00:00 PM,30.41722,SCE
6/16/2018 6:00:00 PM,30.93271,SDGE
6/16/2018 6:00:00 PM,29.81838,VEA
6/16/2018 7:00:00 PM,41.80054,PGAE
6/16/2018 7:00:00 PM,40.53980,SCE
6/16/2018 7:00:00 PM,40.80041,SDGE
6/16/2018 7:00:00 PM,38.87447,VEA
6/16/2018 8:00:00 PM,44.97817,PGAE
6/16/2018 8:00:00 PM,44.06853,SCE
6/16/2018 8:00:00 PM,44.94250,SDGE
6/16/2018 8:00:00 PM,42.88243,VEA
6/16/2018 9:00:00 PM,42.30978,PGAE
6/16/2018 9:00:00 PM,41.08810,SCE
6/16/2018 9:00:00 PM,41.50609,SDGE
6/16/2018 9:00:00 PM,39.69624,VEA
6/16/2018 10:00:00 PM,34.52000,PGAE
6/16/2018 10:00:00 PM,33.47464,SCE
6/16/2018 10:00:00 PM,33.81725,SDGE
6/16/2018 10:00:00 PM,32.39996,VEA
6/16/2018 11:00:00 PM,27.12235,PGAE
6/16/2018 11:00:00 PM,26.51861,SCE
6/16/2018 11:00:00 PM,26.87012,SDGE
6/16/2018 11:00:00 PM,25.92293,VEA
6/17/2018 12:00:00 AM,24.01000,PGAE
6/17/2018 12:00:00 AM,23.56242,SCE
6/17/2018 12:00:00 AM,24.09809,SDGE
6/17/2018 12:00:00 AM,23.11959,VEA
6/17/2018 1:00:00 AM,22.63307,PGAE
6/17/2018 1:00:00 AM,22.22458,SCE
6/17/2018 1:00:00 AM,22.66898,SDGE
6/17/2018 1:00:00 AM,21.80038,VEA
6/17/2018 2:00:00 AM,23.04000,PGAE
6/17/2018 2:00:00 AM,22.72846,SCE
6/17/2018 2:00:00 AM,23.17973,SDGE
6/17/2018 2:00:00 AM,22.35508,VEA
6/17/2018 3:00:00 AM,24.77165,PGAE
6/17/2018 3:00:00 AM,24.46102,SCE
6/17/2018 3:00:00 AM,25.06749,SDGE
6/17/2018 3:00:00 AM,24.11094,VEA
6/17/2018 4:00:00 AM,25.10271,PGAE
6/17/2018 4:00:00 AM,24.86750,SCE
6/17/2018 4:00:00 AM,25.44302,SDGE
6/17/2018 4:00:00 AM,24.49716,VEA
6/17/2018 5:00:00 AM,26.43406,PGAE
6/17/2018 5:00:00 AM,26.06863,SCE
6/17/2018 5:00:00 AM,26.64700,SDGE
6/17/2018 5:00:00 AM,25.70058,VEA
6/17/2018 6:00:00 AM,15.91277,PGAE
6/17/2018 6:00:00 AM,15.55018,SCE
6/17/2018 6:00:00 AM,15.92065,SDGE
6/17/2018 6:00:00 AM,15.32160,VEA
6/17/2018 7:00:00 AM,5.27801,PGAE
6/17/2018 7:00:00 AM,5.08195,SCE
6/17/2018 7:00:00 AM,5.19191,SDGE
6/17/2018 7:00:00 AM,5.00467,VEA
6/17/2018 8:00:00 AM,0.11597,PGAE
6/17/2018 8:00:00 AM,0.15156,SCE
6/17/2018 8:00:00 AM,0.69576,SDGE
6/17/2018 8:00:00 AM,0.04828,VEA
6/17/2018 9:00:00 AM,0.02350,PGAE
6/17/2018 9:00:00 AM,0.39943,SCE
6/17/2018 9:00:00 AM,5.96506,SDGE
6/17/2018 9:00:00 AM,-0.64240,VEA
6/17/2018 10:00:00 AM,-0.10735,PGAE
6/17/2018 10:00:00 AM,-0.55274,SCE
6/17/2018 10:00:00 AM,0.92268,SDGE
6/17/2018 10:00:00 AM,-0.76911,VEA
6/17/2018 11:00:00 AM,-0.12286,PGAE
6/17/2018 11:00:00 AM,-0.97270,SCE
6/17/2018 11:00:00 AM,-0.28739,SDGE
6/17/2018 11:00:00 AM,-1.00747,VEA
6/17/2018 12:00:00 PM,-0.05255,PGAE
6/17/2018 12:00:00 PM,-0.04934,SCE
6/17/2018 12:00:00 PM,-0.05043,SDGE
6/17/2018 12:00:00 PM,-0.04842,VEA
6/17/2018 1:00:00 PM,-0.05434,PGAE
6/17/2018 1:00:00 PM,-0.05102,SCE
6/17/2018 1:00:00 PM,-0.05206,SDGE
6/17/2018 1:00:00 PM,-0.05003,VEA
6/17/2018 2:00:00 PM,-0.10944,PGAE
6/17/2018 2:00:00 PM,-0.10314,SCE
6/17/2018 2:00:00 PM,-0.10527,SDGE
6/17/2018 2:00:00 PM,-0.10104,VEA
6/17/2018 3:00:00 PM,0.87556,PGAE
6/17/2018 3:00:00 PM,0.82873,SCE
6/17/2018 3:00:00 PM,0.84652,SDGE
6/17/2018 3:00:00 PM,0.81255,VEA
6/17/2018 4:00:00 PM,8.64161,PGAE
6/17/2018 4:00:00 PM,8.17552,SCE
6/17/2018 4:00:00 PM,8.34012,SDGE
6/17/2018 4:00:00 PM,8.02855,VEA
6/17/2018 5:00:00 PM,13.44237,PGAE
6/17/2018 5:00:00 PM,12.90347,SCE
6/17/2018 5:00:00 PM,13.18939,SDGE
6/17/2018 5:00:00 PM,12.68211,VEA
6/17/2018 6:00:00 PM,27.95543,PGAE
6/17/2018 6:00:00 PM,27.43383,SCE
6/17/2018 6:00:00 PM,28.20513,SDGE
6/17/2018 6:00:00 PM,26.89836,VEA
6/17/2018 7:00:00 PM,37.59091,PGAE
6/17/2018 7:00:00 PM,37.35043,SCE
6/17/2018 7:00:00 PM,38.56037,SDGE
6/17/2018 7:00:00 PM,36.56133,VEA
6/17/2018 8:00:00 PM,43.88080,PGAE
6/17/2018 8:00:00 PM,44.15710,SCE
6/17/2018 8:00:00 PM,50.96633,SDGE
6/17/2018 8:00:00 PM,42.03885,VEA
6/17/2018 9:00:00 PM,37.38228,PGAE
6/17/2018 9:00:00 PM,36.85797,SCE
6/17/2018 9:00:00 PM,37.77645,SDGE
6/17/2018 9:00:00 PM,35.88744,VEA
6/17/2018 10:00:00 PM,29.83791,PGAE
6/17/2018 10:00:00 PM,29.55232,SCE
6/17/2018 10:00:00 PM,30.27819,SDGE
6/17/2018 10:00:00 PM,28.89190,VEA
6/17/2018 11:00:00 PM,25.26933,PGAE
6/17/2018 11:00:00 PM,24.94756,SCE
6/17/2018 11:00:00 PM,25.50061,SDGE
6/17/2018 11:00:00 PM,24.48752,VEA
6/18/2018 12:00:00 AM,21.13120,PGAE
6/18/2018 12:00:00 AM,20.79352,SCE
6/18/2018 12:00:00 AM,21.20251,SDGE
6/18/2018 12:00:00 AM,20.38453,VEA
6/18/2018 1:00:00 AM,18.12904,PGAE
6/18/2018 1:00:00 AM,17.80726,SCE
6/18/2018 1:00:00 AM,18.19375,SDGE
6/18/2018 1:00:00 AM,17.50167,VEA
6/18/2018 2:00:00 AM,16.79788,PGAE
6/18/2018 2:00:00 AM,16.44536,SCE
6/18/2018 2:00:00 AM,16.81451,SDGE
6/18/2018 2:00:00 AM,16.18430,VEA
6/18/2018 3:00:00 AM,16.81666,PGAE
6/18/2018 3:00:00 AM,16.44566,SCE
6/18/2018 3:00:00 AM,16.82165,SDGE
6/18/2018 3:00:00 AM,16.19610,VEA
6/18/2018 4:00:00 AM,20.49852,PGAE
6/18/2018 4:00:00 AM,20.17092,SCE
6/18/2018 4:00:00 AM,20.65927,SDGE
6/18/2018 4:00:00 AM,19.85146,VEA
6/18/2018 5:00:00 AM,24.61316,PGAE
6/18/2018 5:00:00 AM,24.04371,SCE
6/18/2018 5:00:00 AM,24.65697,SDGE
6/18/2018 5:00:00 AM,23.66650,VEA
6/18/2018 6:00:00 AM,30.61103,PGAE
6/18/2018 6:00:00 AM,29.99636,SCE
6/18/2018 6:00:00 AM,31.33622,SDGE
6/18/2018 6:00:00 AM,29.33797,VEA
6/18/2018 7:00:00 AM,26.17020,PGAE
6/18/2018 7:00:00 AM,25.26942,SCE
6/18/2018 7:00:00 AM,28.86406,SDGE
6/18/2018 7:00:00 AM,24.37031,VEA
6/18/2018 8:00:00 AM,20.30380,PGAE
6/18/2018 8:00:00 AM,19.35283,SCE
6/18/2018 8:00:00 AM,22.84512,SDGE
6/18/2018 8:00:00 AM,18.62259,VEA
6/18/2018 9:00:00 AM,22.30499,PGAE
6/18/2018 9:00:00 AM,21.14249,SCE
6/18/2018 9:00:00 AM,25.76731,SDGE
6/18/2018 9:00:00 AM,20.28483,VEA
6/18/2018 10:00:00 AM,21.44576,PGAE
6/18/2018 10:00:00 AM,20.35879,SCE
6/18/2018 10:00:00 AM,25.83588,SDGE
6/18/2018 10:00:00 AM,19.30173,VEA
6/18/2018 11:00:00 AM,25.75527,PGAE
6/18/2018 11:00:00 AM,22.10067,SCE
6/18/2018 11:00:00 AM,26.64033,SDGE
6/18/2018 11:00:00 AM,21.29442,VEA
6/18/2018 12:00:00 PM,26.07950,PGAE
6/18/2018 12:00:00 PM,22.50830,SCE
6/18/2018 12:00:00 PM,27.85474,SDGE
6/18/2018 12:00:00 PM,21.75290,VEA
6/18/2018 1:00:00 PM,26.08876,PGAE
6/18/2018 1:00:00 PM,24.10768,SCE
6/18/2018 1:00:00 PM,27.56752,SDGE
6/18/2018 1:00:00 PM,23.57699,VEA
6/18/2018 2:00:00 PM,28.59476,PGAE
6/18/2018 2:00:00 PM,22.46682,SCE
6/18/2018 2:00:00 PM,26.24798,SDGE
6/18/2018 2:00:00 PM,22.23003,VEA
6/18/2018 3:00:00 PM,28.50915,PGAE
6/18/2018 3:00:00 PM,24.51161,SCE
6/18/2018 3:00:00 PM,25.14454,SDGE
6/18/2018 3:00:00 PM,24.16737,VEA
6/18/2018 4:00:00 PM,28.65859,PGAE
6/18/2018 4:00:00 PM,25.37720,SCE
6/18/2018 4:00:00 PM,28.06556,SDGE
6/18/2018 4:00:00 PM,24.89477,VEA
6/18/2018 5:00:00 PM,29.87047,PGAE
6/18/2018 5:00:00 PM,28.14974,SCE
6/18/2018 5:00:00 PM,29.01446,SDGE
6/18/2018 5:00:00 PM,27.58100,VEA
6/18/2018 6:00:00 PM,35.49010,PGAE
6/18/2018 6:00:00 PM,33.61455,SCE
6/18/2018 6:00:00 PM,34.77379,SDGE
6/18/2018 6:00:00 PM,32.96053,VEA
6/18/2018 7:00:00 PM,45.71908,PGAE
6/18/2018 7:00:00 PM,44.10298,SCE
6/18/2018 7:00:00 PM,45.77761,SDGE
6/18/2018 7:00:00 PM,43.26116,VEA
6/18/2018 8:00:00 PM,46.96110,PGAE
6/18/2018 8:00:00 PM,45.75510,SCE
6/18/2018 8:00:00 PM,48.34521,SDGE
6/18/2018 8:00:00 PM,43.50393,VEA
6/18/2018 9:00:00 PM,41.17391,PGAE
6/18/2018 9:00:00 PM,39.55750,SCE
6/18/2018 9:00:00 PM,40.69707,SDGE
6/18/2018 9:00:00 PM,38.52300,VEA
6/18/2018 10:00:00 PM,31.68761,PGAE
6/18/2018 10:00:00 PM,30.53522,SCE
6/18/2018 10:00:00 PM,31.45713,SDGE
6/18/2018 10:00:00 PM,29.96836,VEA
6/18/2018 11:00:00 PM,26.71874,PGAE
6/18/2018 11:00:00 PM,25.75025,SCE
6/18/2018 11:00:00 PM,26.40903,SDGE
6/18/2018 11:00:00 PM,25.30931,VEA
6/19/2018 12:00:00 AM,28.77964,PGAE
6/19/2018 12:00:00 AM,27.51648,SCE
6/19/2018 12:00:00 AM,28.21699,SDGE
6/19/2018 12:00:00 AM,27.25485,VEA
6/19/2018 1:00:00 AM,26.51185,PGAE
6/19/2018 1:00:00 AM,25.53899,SCE
6/19/2018 1:00:00 AM,26.12427,SDGE
6/19/2018 1:00:00 AM,25.28927,VEA
6/19/2018 2:00:00 AM,25.65969,PGAE
6/19/2018 2:00:00 AM,24.81690,SCE
6/19/2018 2:00:00 AM,25.38212,SDGE
6/19/2018 2:00:00 AM,24.66045,VEA
6/19/2018 3:00:00 AM,25.24103,PGAE
6/19/2018 3:00:00 AM,24.41703,SCE
6/19/2018 3:00:00 AM,24.94568,SDGE
6/19/2018 3:00:00 AM,24.23834,VEA
6/19/2018 4:00:00 AM,27.42774,PGAE
6/19/2018 4:00:00 AM,26.54837,SCE
6/19/2018 4:00:00 AM,27.16339,SDGE
6/19/2018 4:00:00 AM,26.29212,VEA
6/19/2018 5:00:00 AM,31.01030,PGAE
6/19/2018 5:00:00 AM,29.94413,SCE
6/19/2018 5:00:00 AM,30.62344,SDGE
6/19/2018 5:00:00 AM,29.59382,VEA
6/19/2018 6:00:00 AM,32.03665,PGAE
6/19/2018 6:00:00 AM,31.13726,SCE
6/19/2018 6:00:00 AM,33.60493,SDGE
6/19/2018 6:00:00 AM,30.26558,VEA
6/19/2018 7:00:00 AM,29.75743,PGAE
6/19/2018 7:00:00 AM,28.61464,SCE
6/19/2018 7:00:00 AM,32.03771,SDGE
6/19/2018 7:00:00 AM,27.55373,VEA
6/19/2018 8:00:00 AM,27.00311,PGAE
6/19/2018 8:00:00 AM,25.66652,SCE
6/19/2018 8:00:00 AM,28.25668,SDGE
6/19/2018 8:00:00 AM,24.79728,VEA
6/19/2018 9:00:00 AM,24.87395,PGAE
6/19/2018 9:00:00 AM,23.71000,SCE
6/19/2018 9:00:00 AM,26.37854,SDGE
6/19/2018 9:00:00 AM,22.57809,VEA
6/19/2018 10:00:00 AM,26.67398,PGAE
6/19/2018 10:00:00 AM,25.22568,SCE
6/19/2018 10:00:00 AM,27.54690,SDGE
6/19/2018 10:00:00 AM,23.99097,VEA
6/19/2018 11:00:00 AM,27.92216,PGAE
6/19/2018 11:00:00 AM,26.55719,SCE
6/19/2018 11:00:00 AM,32.13158,SDGE
6/19/2018 11:00:00 AM,25.14980,VEA
6/19/2018 12:00:00 PM,28.80576,PGAE
6/19/2018 12:00:00 PM,27.63676,SCE
6/19/2018 12:00:00 PM,33.41687,SDGE
6/19/2018 12:00:00 PM,26.12454,VEA
6/19/2018 1:00:00 PM,30.97144,PGAE
6/19/2018 1:00:00 PM,29.68532,SCE
6/19/2018 1:00:00 PM,34.13735,SDGE
6/19/2018 1:00:00 PM,28.15865,VEA
6/19/2018 2:00:00 PM,32.24594,PGAE
6/19/2018 2:00:00 PM,31.43725,SCE
6/19/2018 2:00:00 PM,35.97433,SDGE
6/19/2018 2:00:00 PM,29.35930,VEA
6/19/2018 3:00:00 PM,32.40182,PGAE
6/19/2018 3:00:00 PM,33.80257,SCE
6/19/2018 3:00:00 PM,35.69359,SDGE
6/19/2018 3:00:00 PM,29.60277,VEA
6/19/2018 4:00:00 PM,32.76337,PGAE
6/19/2018 4:00:00 PM,31.87721,SCE
6/19/2018 4:00:00 PM,37.12658,SDGE
6/19/2018 4:00:00 PM,29.83637,VEA
6/19/2018 5:00:00 PM,38.42341,PGAE
6/19/2018 5:00:00 PM,39.29754,SCE
6/19/2018 5:00:00 PM,43.90588,SDGE
6/19/2018 5:00:00 PM,35.15818,VEA
6/19/2018 6:00:00 PM,44.07259,PGAE
6/19/2018 6:00:00 PM,42.67206,SCE
6/19/2018 6:00:00 PM,45.49012,SDGE
6/19/2018 6:00:00 PM,41.36112,VEA
6/19/2018 7:00:00 PM,56.08688,PGAE
6/19/2018 7:00:00 PM,54.31967,SCE
6/19/2018 7:00:00 PM,55.45179,SDGE
6/19/2018 7:00:00 PM,53.18755,VEA
6/19/2018 8:00:00 PM,51.71504,PGAE
6/19/2018 8:00:00 PM,50.39545,SCE
6/19/2018 8:00:00 PM,51.90976,SDGE
6/19/2018 8:00:00 PM,48.21192,VEA
6/19/2018 9:00:00 PM,44.89514,PGAE
6/19/2018 9:00:00 PM,43.51372,SCE
6/19/2018 9:00:00 PM,47.43943,SDGE
6/19/2018 9:00:00 PM,41.98374,VEA
6/19/2018 10:00:00 PM,32.74661,PGAE
6/19/2018 10:00:00 PM,31.61675,SCE
6/19/2018 10:00:00 PM,32.37321,SDGE
6/19/2018 10:00:00 PM,30.96330,VEA
6/19/2018 11:00:00 PM,31.57383,PGAE
6/19/2018 11:00:00 PM,30.66487,SCE
6/19/2018 11:00:00 PM,31.49912,SDGE
6/19/2018 11:00:00 PM,30.00806,VEA
6/20/2018 12:00:00 AM,31.22250,PGAE
6/20/2018 12:00:00 AM,30.33931,SCE
6/20/2018 12:00:00 AM,31.12403,SDGE
6/20/2018 12:00:00 AM,29.78539,VEA
6/20/2018 1:00:00 AM,27.26289,PGAE
6/20/2018 1:00:00 AM,26.40715,SCE
6/20/2018 1:00:00 AM,27.10462,SDGE
6/20/2018 1:00:00 AM,26.00745,VEA
6/20/2018 2:00:00 AM,26.02000,PGAE
6/20/2018 2:00:00 AM,25.33188,SCE
6/20/2018 2:00:00 AM,25.95581,SDGE
6/20/2018 2:00:00 AM,24.94931,VEA
6/20/2018 3:00:00 AM,25.89630,PGAE
6/20/2018 3:00:00 AM,25.22403,SCE
6/20/2018 3:00:00 AM,25.85795,SDGE
6/20/2018 3:00:00 AM,24.82272,VEA
6/20/2018 4:00:00 AM,26.72022,PGAE
6/20/2018 4:00:00 AM,26.02934,SCE
6/20/2018 4:00:00 AM,26.67803,SDGE
6/20/2018 4:00:00 AM,25.59952,VEA
6/20/2018 5:00:00 AM,31.48102,PGAE
6/20/2018 5:00:00 AM,30.70037,SCE
6/20/2018 5:00:00 AM,31.55255,SDGE
6/20/2018 5:00:00 AM,30.15298,VEA
6/20/2018 6:00:00 AM,31.27882,PGAE
6/20/2018 6:00:00 AM,30.95937,SCE
6/20/2018 6:00:00 AM,35.91856,SDGE
6/20/2018 6:00:00 AM,29.54384,VEA
6/20/2018 7:00:00 AM,28.93394,PGAE
6/20/2018 7:00:00 AM,28.08361,SCE
6/20/2018 7:00:00 AM,32.56096,SDGE
6/20/2018 7:00:00 AM,26.47124,VEA
6/20/2018 8:00:00 AM,25.83976,PGAE
6/20/2018 8:00:00 AM,24.58017,SCE
6/20/2018 8:00:00 AM,26.00174,SDGE
6/20/2018 8:00:00 AM,23.30744,VEA
6/20/2018 9:00:00 AM,26.14304,PGAE
6/20/2018 9:00:00 AM,25.22347,SCE
6/20/2018 9:00:00 AM,23.12787,SDGE
6/20/2018 9:00:00 AM,23.63224,VEA
6/20/2018 10:00:00 AM,28.21739,PGAE
6/20/2018 10:00:00 AM,27.39858,SCE
6/20/2018 10:00:00 AM,23.66766,SDGE
6/20/2018 10:00:00 AM,25.47691,VEA
6/20/2018 11:00:00 AM,29.07660,PGAE
6/20/2018 11:00:00 AM,30.86005,SCE
6/20/2018 11:00:00 AM,22.24226,SDGE
6/20/2018 11:00:00 AM,26.57909,VEA
6/20/2018 12:00:00 PM,31.39579,PGAE
6/20/2018 12:00:00 PM,32.03279,SCE
6/20/2018 12:00:00 PM,26.57526,SDGE
6/20/2018 12:00:00 PM,29.31020,VEA
6/20/2018 1:00:00 PM,32.79606,PGAE
6/20/2018 1:00:00 PM,46.97661,SCE
6/20/2018 1:00:00 PM,33.13410,SDGE
6/20/2018 1:00:00 PM,29.35618,VEA
6/20/2018 2:00:00 PM,34.01722,PGAE
6/20/2018 2:00:00 PM,46.30659,SCE
6/20/2018 2:00:00 PM,34.21857,SDGE
6/20/2018 2:00:00 PM,29.49729,VEA
6/20/2018 3:00:00 PM,36.70059,PGAE
6/20/2018 3:00:00 PM,46.72535,SCE
6/20/2018 3:00:00 PM,38.07630,SDGE
6/20/2018 3:00:00 PM,32.38886,VEA
6/20/2018 4:00:00 PM,37.32317,PGAE
6/20/2018 4:00:00 PM,43.56084,SCE
6/20/2018 4:00:00 PM,46.90762,SDGE
6/20/2018 4:00:00 PM,33.73850,VEA
6/20/2018 5:00:00 PM,41.75052,PGAE
6/20/2018 5:00:00 PM,53.50269,SCE
6/20/2018 5:00:00 PM,52.82580,SDGE
6/20/2018 5:00:00 PM,36.50097,VEA
6/20/2018 6:00:00 PM,50.86487,PGAE
6/20/2018 6:00:00 PM,51.41004,SCE
6/20/2018 6:00:00 PM,55.86398,SDGE
6/20/2018 6:00:00 PM,47.95160,VEA
6/20/2018 7:00:00 PM,64.46608,PGAE
6/20/2018 7:00:00 PM,64.43383,SCE
6/20/2018 7:00:00 PM,65.55610,SDGE
6/20/2018 7:00:00 PM,61.96354,VEA
6/20/2018 8:00:00 PM,54.72590,PGAE
6/20/2018 8:00:00 PM,54.99620,SCE
6/20/2018 8:00:00 PM,55.75512,SDGE
6/20/2018 8:00:00 PM,51.61645,VEA
6/20/2018 9:00:00 PM,46.05639,PGAE
6/20/2018 9:00:00 PM,47.02028,SCE
6/20/2018 9:00:00 PM,53.33515,SDGE
6/20/2018 9:00:00 PM,42.91815,VEA
6/20/2018 10:00:00 PM,35.08290,PGAE
6/20/2018 10:00:00 PM,34.68514,SCE
6/20/2018 10:00:00 PM,35.36552,SDGE
6/20/2018 10:00:00 PM,33.83031,VEA
6/20/2018 11:00:00 PM,31.59674,PGAE
6/20/2018 11:00:00 PM,31.31994,SCE
6/20/2018 11:00:00 PM,31.75402,SDGE
6/20/2018 11:00:00 PM,30.61534,VEA
6/21/2018 12:00:00 AM,30.66524,PGAE
6/21/2018 12:00:00 AM,31.21148,SCE
6/21/2018 12:00:00 AM,31.44884,SDGE
6/21/2018 12:00:00 AM,29.61125,VEA
6/21/2018 1:00:00 AM,29.34700,PGAE
6/21/2018 1:00:00 AM,28.76320,SCE
6/21/2018 1:00:00 AM,29.42833,SDGE
6/21/2018 1:00:00 AM,28.26362,VEA
6/21/2018 2:00:00 AM,27.41651,PGAE
6/21/2018 2:00:00 AM,25.81415,SCE
6/21/2018 2:00:00 AM,26.39612,SDGE
6/21/2018 2:00:00 AM,25.44954,VEA
6/21/2018 3:00:00 AM,26.73503,PGAE
6/21/2018 3:00:00 AM,25.54910,SCE
6/21/2018 3:00:00 AM,26.11360,SDGE
6/21/2018 3:00:00 AM,25.13612,VEA
6/21/2018 4:00:00 AM,27.38034,PGAE
6/21/2018 4:00:00 AM,26.47382,SCE
6/21/2018 4:00:00 AM,27.07558,SDGE
6/21/2018 4:00:00 AM,25.99453,VEA
6/21/2018 5:00:00 AM,31.21090,PGAE
6/21/2018 5:00:00 AM,30.91846,SCE
6/21/2018 5:00:00 AM,34.23798,SDGE
6/21/2018 5:00:00 AM,29.82086,VEA
6/21/2018 6:00:00 AM,29.34090,PGAE
6/21/2018 6:00:00 AM,29.59759,SCE
6/21/2018 6:00:00 AM,35.25260,SDGE
6/21/2018 6:00:00 AM,27.71988,VEA
6/21/2018 7:00:00 AM,25.86678,PGAE
6/21/2018 7:00:00 AM,25.99994,SCE
6/21/2018 7:00:00 AM,31.97264,SDGE
6/21/2018 7:00:00 AM,23.52000,VEA
6/21/2018 8:00:00 AM,19.31961,PGAE
6/21/2018 8:00:00 AM,18.95658,SCE
6/21/2018 8:00:00 AM,26.81098,SDGE
6/21/2018 8:00:00 AM,17.10696,VEA
6/21/2018 9:00:00 AM,22.61000,PGAE
6/21/2018 9:00:00 AM,23.80396,SCE
6/21/2018 9:00:00 AM,34.55912,SDGE
6/21/2018 9:00:00 AM,18.81250,VEA
6/21/2018 10:00:00 AM,24.18735,PGAE
6/21/2018 10:00:00 AM,26.84939,SCE
6/21/2018 10:00:00 AM,29.67326,SDGE
6/21/2018 10:00:00 AM,21.02349,VEA
6/21/2018 11:00:00 AM,26.53000,PGAE
6/21/2018 11:00:00 AM,31.45663,SCE
6/21/2018 11:00:00 AM,32.29086,SDGE
6/21/2018 11:00:00 AM,22.85568,VEA
6/21/2018 12:00:00 PM,28.60000,PGAE
6/21/2018 12:00:00 PM,33.17015,SCE
6/21/2018 12:00:00 PM,35.30396,SDGE
6/21/2018 12:00:00 PM,25.70385,VEA
6/21/2018 1:00:00 PM,30.72067,PGAE
6/21/2018 1:00:00 PM,41.72079,SCE
6/21/2018 1:00:00 PM,38.87030,SDGE
6/21/2018 1:00:00 PM,25.82376,VEA
6/21/2018 2:00:00 PM,31.92389,PGAE
6/21/2018 2:00:00 PM,42.89688,SCE
6/21/2018 2:00:00 PM,43.17661,SDGE
6/21/2018 2:00:00 PM,26.99276,VEA
6/21/2018 3:00:00 PM,33.92769,PGAE
6/21/2018 3:00:00 PM,45.80790,SCE
6/21/2018 3:00:00 PM,41.77135,SDGE
6/21/2018 3:00:00 PM,29.13352,VEA
6/21/2018 4:00:00 PM,37.11411,PGAE
6/21/2018 4:00:00 PM,43.91695,SCE
6/21/2018 4:00:00 PM,48.90758,SDGE
6/21/2018 4:00:00 PM,33.13544,VEA
6/21/2018 5:00:00 PM,38.89484,PGAE
6/21/2018 5:00:00 PM,48.92516,SCE
6/21/2018 5:00:00 PM,48.36865,SDGE
6/21/2018 5:00:00 PM,35.10719,VEA
6/21/2018 6:00:00 PM,49.33494,PGAE
6/21/2018 6:00:00 PM,50.64468,SCE
6/21/2018 6:00:00 PM,52.51000,SDGE
6/21/2018 6:00:00 PM,47.42169,VEA
6/21/2018 7:00:00 PM,67.21275,PGAE
6/21/2018 7:00:00 PM,66.33092,SCE
6/21/2018 7:00:00 PM,67.68707,SDGE
6/21/2018 7:00:00 PM,64.98145,VEA
6/21/2018 8:00:00 PM,53.40284,PGAE
6/21/2018 8:00:00 PM,53.19842,SCE
6/21/2018 8:00:00 PM,54.29668,SDGE
6/21/2018 8:00:00 PM,50.57453,VEA
6/21/2018 9:00:00 PM,47.53299,PGAE
6/21/2018 9:00:00 PM,47.69646,SCE
6/21/2018 9:00:00 PM,49.72002,SDGE
6/21/2018 9:00:00 PM,43.52674,VEA
6/21/2018 10:00:00 PM,34.09030,PGAE
6/21/2018 10:00:00 PM,33.31726,SCE
6/21/2018 10:00:00 PM,34.41356,SDGE
6/21/2018 10:00:00 PM,31.35201,VEA
6/21/2018 11:00:00 PM,32.86991,PGAE
6/21/2018 11:00:00 PM,31.69646,SCE
6/21/2018 11:00:00 PM,32.34157,SDGE
6/21/2018 11:00:00 PM,30.86719,VEA
6/22/2018 12:00:00 AM,30.05938,PGAE
6/22/2018 12:00:00 AM,26.37092,SCE
6/22/2018 12:00:00 AM,27.05291,SDGE
6/22/2018 12:00:00 AM,25.93281,VEA
6/22/2018 1:00:00 AM,28.45925,PGAE
6/22/2018 1:00:00 AM,24.55610,SCE
6/22/2018 1:00:00 AM,25.23119,SDGE
6/22/2018 1:00:00 AM,24.25024,VEA
6/22/2018 2:00:00 AM,26.77671,PGAE
6/22/2018 2:00:00 AM,23.84328,SCE
6/22/2018 2:00:00 AM,24.51094,SDGE
6/22/2018 2:00:00 AM,23.56932,VEA
6/22/2018 3:00:00 AM,24.99438,PGAE
6/22/2018 3:00:00 AM,22.37947,SCE
6/22/2018 3:00:00 AM,23.60647,SDGE
6/22/2018 3:00:00 AM,21.97100,VEA
6/22/2018 4:00:00 AM,25.93333,PGAE
6/22/2018 4:00:00 AM,23.88971,SCE
6/22/2018 4:00:00 AM,24.54002,SDGE
6/22/2018 4:00:00 AM,23.50508,VEA
6/22/2018 5:00:00 AM,29.48315,PGAE
6/22/2018 5:00:00 AM,28.39594,SCE
6/22/2018 5:00:00 AM,30.95530,SDGE
6/22/2018 5:00:00 AM,27.53207,VEA
6/22/2018 6:00:00 AM,29.37484,PGAE
6/22/2018 6:00:00 AM,28.96397,SCE
6/22/2018 6:00:00 AM,33.60000,SDGE
6/22/2018 6:00:00 AM,27.62165,VEA
6/22/2018 7:00:00 AM,23.42593,PGAE
6/22/2018 7:00:00 AM,22.75954,SCE
6/22/2018 7:00:00 AM,29.57796,SDGE
6/22/2018 7:00:00 AM,21.04449,VEA
6/22/2018 8:00:00 AM,19.66000,PGAE
6/22/2018 8:00:00 AM,18.95449,SCE
6/22/2018 8:00:00 AM,24.68755,SDGE
6/22/2018 8:00:00 AM,17.47321,VEA
6/22/2018 9:00:00 AM,22.96432,PGAE
6/22/2018 9:00:00 AM,22.82549,SCE
6/22/2018 9:00:00 AM,31.53169,SDGE
6/22/2018 9:00:00 AM,19.84337,VEA
6/22/2018 10:00:00 AM,26.56783,PGAE
6/22/2018 10:00:00 AM,26.79834,SCE
6/22/2018 10:00:00 AM,32.82000,SDGE
6/22/2018 10:00:00 AM,22.46212,VEA
6/22/2018 11:00:00 AM,30.02453,PGAE
6/22/2018 11:00:00 AM,33.53879,SCE
6/22/2018 11:00:00 AM,34.24000,SDGE
6/22/2018 11:00:00 AM,25.62020,VEA
6/22/2018 12:00:00 PM,31.91534,PGAE
6/22/2018 12:00:00 PM,32.70364,SCE
6/22/2018 12:00:00 PM,36.68332,SDGE
6/22/2018 12:00:00 PM,28.78302,VEA
6/22/2018 1:00:00 PM,34.67936,PGAE
6/22/2018 1:00:00 PM,42.88496,SCE
6/22/2018 1:00:00 PM,40.78619,SDGE
6/22/2018 1:00:00 PM,29.77901,VEA
6/22/2018 2:00:00 PM,35.45919,PGAE
6/22/2018 2:00:00 PM,57.41000,SCE
6/22/2018 2:00:00 PM,49.75663,SDGE
6/22/2018 2:00:00 PM,32.13480,VEA
6/22/2018 3:00:00 PM,40.21547,PGAE
6/22/2018 3:00:00 PM,46.61575,SCE
6/22/2018 3:00:00 PM,48.97135,SDGE
6/22/2018 3:00:00 PM,33.03763,VEA
6/22/2018 4:00:00 PM,41.01864,PGAE
6/22/2018 4:00:00 PM,46.32770,SCE
6/22/2018 4:00:00 PM,50.91470,SDGE
6/22/2018 4:00:00 PM,34.56009,VEA
6/22/2018 5:00:00 PM,42.82721,PGAE
6/22/2018 5:00:00 PM,47.50469,SCE
6/22/2018 5:00:00 PM,51.65804,SDGE
6/22/2018 5:00:00 PM,38.42420,VEA
6/22/2018 6:00:00 PM,55.62716,PGAE
6/22/2018 6:00:00 PM,53.39749,SCE
6/22/2018 6:00:00 PM,54.66338,SDGE
6/22/2018 6:00:00 PM,51.57790,VEA
6/22/2018 7:00:00 PM,75.65941,PGAE
6/22/2018 7:00:00 PM,74.00340,SCE
6/22/2018 7:00:00 PM,74.19604,SDGE
6/22/2018 7:00:00 PM,70.56193,VEA
6/22/2018 8:00:00 PM,57.08715,PGAE
6/22/2018 8:00:00 PM,55.87938,SCE
6/22/2018 8:00:00 PM,56.54805,SDGE
6/22/2018 8:00:00 PM,53.11776,VEA
6/22/2018 9:00:00 PM,48.69431,PGAE
6/22/2018 9:00:00 PM,48.10000,SCE
6/22/2018 9:00:00 PM,48.94690,SDGE
6/22/2018 9:00:00 PM,45.09791,VEA
6/22/2018 10:00:00 PM,36.27080,PGAE
6/22/2018 10:00:00 PM,35.08018,SCE
6/22/2018 10:00:00 PM,35.64964,SDGE
6/22/2018 10:00:00 PM,34.16160,VEA
6/22/2018 11:00:00 PM,33.87412,PGAE
6/22/2018 11:00:00 PM,30.89116,SCE
6/22/2018 11:00:00 PM,31.46853,SDGE
6/22/2018 11:00:00 PM,30.24674,VEA
6/23/2018 12:00:00 AM,29.10920,PGAE
6/23/2018 12:00:00 AM,28.35345,SCE
6/23/2018 12:00:00 AM,29.02874,SDGE
6/23/2018 12:00:00 AM,27.67816,VEA
6/23/2018 1:00:00 AM,27.44555,PGAE
6/23/2018 1:00:00 AM,25.96179,SCE
6/23/2018 1:00:00 AM,26.49529,SDGE
6/23/2018 1:00:00 AM,25.46410,VEA
6/23/2018 2:00:00 AM,26.70831,PGAE
6/23/2018 2:00:00 AM,25.77449,SCE
6/23/2018 2:00:00 AM,26.29648,SDGE
6/23/2018 2:00:00 AM,25.30496,VEA
6/23/2018 3:00:00 AM,26.40487,PGAE
6/23/2018 3:00:00 AM,24.13301,SCE
6/23/2018 3:00:00 AM,24.70679,SDGE
6/23/2018 3:00:00 AM,23.78288,VEA
6/23/2018 4:00:00 AM,25.17272,PGAE
6/23/2018 4:00:00 AM,24.29710,SCE
6/23/2018 4:00:00 AM,24.89569,SDGE
6/23/2018 4:00:00 AM,23.92855,VEA
6/23/2018 5:00:00 AM,26.90041,PGAE
6/23/2018 5:00:00 AM,25.94120,SCE
6/23/2018 5:00:00 AM,26.61238,SDGE
6/23/2018 5:00:00 AM,25.51047,VEA
6/23/2018 6:00:00 AM,21.41155,PGAE
6/23/2018 6:00:00 AM,20.78985,SCE
6/23/2018 6:00:00 AM,22.25873,SDGE
6/23/2018 6:00:00 AM,20.33572,VEA
6/23/2018 7:00:00 AM,13.19703,PGAE
6/23/2018 7:00:00 AM,12.57087,SCE
6/23/2018 7:00:00 AM,12.87235,SDGE
6/23/2018 7:00:00 AM,12.37761,VEA
6/23/2018 8:00:00 AM,13.47535,PGAE
6/23/2018 8:00:00 AM,12.64179,SCE
6/23/2018 8:00:00 AM,12.87529,SDGE
6/23/2018 8:00:00 AM,12.42915,VEA
6/23/2018 9:00:00 AM,16.20313,PGAE
6/23/2018 9:00:00 AM,15.17702,SCE
6/23/2018 9:00:00 AM,15.43551,SDGE
6/23/2018 9:00:00 AM,14.85901,VEA
6/23/2018 10:00:00 AM,21.91000,PGAE
6/23/2018 10:00:00 AM,15.71548,SCE
6/23/2018 10:00:00 AM,16.13615,SDGE
6/23/2018 10:00:00 AM,15.60305,VEA
6/23/2018 11:00:00 AM,24.58895,PGAE
6/23/2018 11:00:00 AM,19.34731,SCE
6/23/2018 11:00:00 AM,19.81666,SDGE
6/23/2018 11:00:00 AM,19.05255,VEA
6/23/2018 12:00:00 PM,28.54027,PGAE
6/23/2018 12:00:00 PM,24.21751,SCE
6/23/2018 12:00:00 PM,24.53327,SDGE
6/23/2018 12:00:00 PM,23.76154,VEA
6/23/2018 1:00:00 PM,31.53604,PGAE
6/23/2018 1:00:00 PM,29.76246,SCE
6/23/2018 1:00:00 PM,28.20261,SDGE
6/23/2018 1:00:00 PM,26.12586,VEA
6/23/2018 2:00:00 PM,33.91222,PGAE
6/23/2018 2:00:00 PM,36.13911,SCE
6/23/2018 2:00:00 PM,32.25726,SDGE
6/23/2018 2:00:00 PM,26.13780,VEA
6/23/2018 3:00:00 PM,34.26145,PGAE
6/23/2018 3:00:00 PM,39.26730,SCE
6/23/2018 3:00:00 PM,35.11451,SDGE
6/23/2018 3:00:00 PM,27.78800,VEA
6/23/2018 4:00:00 PM,45.06386,PGAE
6/23/2018 4:00:00 PM,38.33306,SCE
6/23/2018 4:00:00 PM,35.08765,SDGE
6/23/2018 4:00:00 PM,28.38389,VEA
6/23/2018 5:00:00 PM,51.51500,PGAE
6/23/2018 5:00:00 PM,39.10714,SCE
6/23/2018 5:00:00 PM,36.64432,SDGE
6/23/2018 5:00:00 PM,33.47730,VEA
6/23/2018 6:00:00 PM,57.69799,PGAE
6/23/2018 6:00:00 PM,47.74938,SCE
6/23/2018 6:00:00 PM,47.49596,SDGE
6/23/2018 6:00:00 PM,43.98364,VEA
6/23/2018 7:00:00 PM,74.67639,PGAE
6/23/2018 7:00:00 PM,67.08280,SCE
6/23/2018 7:00:00 PM,67.94573,SDGE
6/23/2018 7:00:00 PM,64.48686,VEA
6/23/2018 8:00:00 PM,58.53379,PGAE
6/23/2018 8:00:00 PM,54.26137,SCE
6/23/2018 8:00:00 PM,54.61554,SDGE
6/23/2018 8:00:00 PM,52.32239,VEA
6/23/2018 9:00:00 PM,46.99010,PGAE
6/23/2018 9:00:00 PM,43.02497,SCE
6/23/2018 9:00:00 PM,43.96668,SDGE
6/23/2018 9:00:00 PM,42.24674,VEA
6/23/2018 10:00:00 PM,36.13111,PGAE
6/23/2018 10:00:00 PM,31.73969,SCE
6/23/2018 10:00:00 PM,32.48218,SDGE
6/23/2018 10:00:00 PM,31.13670,VEA
6/23/2018 11:00:00 PM,33.15853,PGAE
6/23/2018 11:00:00 PM,28.54306,SCE
6/23/2018 11:00:00 PM,29.07358,SDGE
6/23/2018 11:00:00 PM,27.97787,VEA
6/24/2018 12:00:00 AM,30.47722,PGAE
6/24/2018 12:00:00 AM,29.11666,SCE
6/24/2018 12:00:00 AM,29.33994,SDGE
6/24/2018 12:00:00 AM,28.49145,VEA
6/24/2018 1:00:00 AM,27.88168,PGAE
6/24/2018 1:00:00 AM,26.61292,SCE
6/24/2018 1:00:00 AM,26.83222,SDGE
6/24/2018 1:00:00 AM,26.02885,VEA
6/24/2018 2:00:00 AM,27.00836,PGAE
6/24/2018 2:00:00 AM,26.20765,SCE
6/24/2018 2:00:00 AM,26.64126,SDGE
6/24/2018 2:00:00 AM,25.68095,VEA
6/24/2018 3:00:00 AM,25.72749,PGAE
6/24/2018 3:00:00 AM,24.96714,SCE
6/24/2018 3:00:00 AM,25.42588,SDGE
6/24/2018 3:00:00 AM,24.48813,VEA
6/24/2018 4:00:00 AM,25.31975,PGAE
6/24/2018 4:00:00 AM,24.63786,SCE
6/24/2018 4:00:00 AM,25.12243,SDGE
6/24/2018 4:00:00 AM,24.19076,VEA
6/24/2018 5:00:00 AM,25.08176,PGAE
6/24/2018 5:00:00 AM,24.45491,SCE
6/24/2018 5:00:00 AM,24.97027,SDGE
6/24/2018 5:00:00 AM,24.01388,VEA
6/24/2018 6:00:00 AM,22.79544,PGAE
6/24/2018 6:00:00 AM,22.35704,SCE
6/24/2018 6:00:00 AM,23.40683,SDGE
6/24/2018 6:00:00 AM,21.89248,VEA
6/24/2018 7:00:00 AM,12.46432,PGAE
6/24/2018 7:00:00 AM,12.11343,SCE
6/24/2018 7:00:00 AM,14.97093,SDGE
6/24/2018 7:00:00 AM,11.43040,VEA
6/24/2018 8:00:00 AM,8.28577,PGAE
6/24/2018 8:00:00 AM,8.28042,SCE
6/24/2018 8:00:00 AM,14.72400,SDGE
6/24/2018 8:00:00 AM,6.99423,VEA
6/24/2018 9:00:00 AM,9.92774,PGAE
6/24/2018 9:00:00 AM,8.99470,SCE
6/24/2018 9:00:00 AM,11.10033,SDGE
6/24/2018 9:00:00 AM,8.56096,VEA
6/24/2018 10:00:00 AM,16.60481,PGAE
6/24/2018 10:00:00 AM,12.16191,SCE
6/24/2018 10:00:00 AM,12.43883,SDGE
6/24/2018 10:00:00 AM,12.24749,VEA
6/24/2018 11:00:00 AM,19.48818,PGAE
6/24/2018 11:00:00 AM,18.13562,SCE
6/24/2018 11:00:00 AM,18.30657,SDGE
6/24/2018 11:00:00 AM,17.85195,VEA
6/24/2018 12:00:00 PM,23.17000,PGAE
6/24/2018 12:00:00 PM,21.60537,SCE
6/24/2018 12:00:00 PM,21.72160,SDGE
6/24/2018 12:00:00 PM,21.24550,VEA
6/24/2018 1:00:00 PM,25.50914,PGAE
6/24/2018 1:00:00 PM,23.95692,SCE
6/24/2018 1:00:00 PM,24.02849,SDGE
6/24/2018 1:00:00 PM,23.57442,VEA
6/24/2018 2:00:00 PM,27.80322,PGAE
6/24/2018 2:00:00 PM,26.05359,SCE
6/24/2018 2:00:00 PM,26.07241,SDGE
6/24/2018 2:00:00 PM,25.50801,VEA
6/24/2018 3:00:00 PM,29.37107,PGAE
6/24/2018 3:00:00 PM,27.70592,SCE
6/24/2018 3:00:00 PM,27.62071,SDGE
6/24/2018 3:00:00 PM,26.96915,VEA
6/24/2018 4:00:00 PM,32.11713,PGAE
6/24/2018 4:00:00 PM,30.14873,SCE
6/24/2018 4:00:00 PM,29.95872,SDGE
6/24/2018 4:00:00 PM,29.02435,VEA
6/24/2018 5:00:00 PM,35.31016,PGAE
6/24/2018 5:00:00 PM,33.34140,SCE
6/24/2018 5:00:00 PM,33.32447,SDGE
6/24/2018 5:00:00 PM,32.45681,VEA
6/24/2018 6:00:00 PM,44.26810,PGAE
6/24/2018 6:00:00 PM,43.12497,SCE
6/24/2018 6:00:00 PM,43.49735,SDGE
6/24/2018 6:00:00 PM,42.28704,VEA
6/24/2018 7:00:00 PM,50.29837,PGAE
6/24/2018 7:00:00 PM,48.97654,SCE
6/24/2018 7:00:00 PM,49.69972,SDGE
6/24/2018 7:00:00 PM,48.24050,VEA
6/24/2018 8:00:00 PM,46.16198,PGAE
6/24/2018 8:00:00 PM,45.18370,SCE
6/24/2018 8:00:00 PM,46.02941,SDGE
6/24/2018 8:00:00 PM,44.53913,VEA
6/24/2018 9:00:00 PM,41.62553,PGAE
6/24/2018 9:00:00 PM,39.98826,SCE
6/24/2018 9:00:00 PM,39.87584,SDGE
6/24/2018 9:00:00 PM,38.20353,VEA
6/24/2018 10:00:00 PM,31.92064,PGAE
6/24/2018 10:00:00 PM,32.00117,SCE
6/24/2018 10:00:00 PM,31.06982,SDGE
6/24/2018 10:00:00 PM,30.10263,VEA
6/24/2018 11:00:00 PM,27.44932,PGAE
6/24/2018 11:00:00 PM,26.68602,SCE
6/24/2018 11:00:00 PM,27.10827,SDGE
6/24/2018 11:00:00 PM,26.26376,VEA
6/25/2018 12:00:00 AM,27.41977,PGAE
6/25/2018 12:00:00 AM,26.79647,SCE
6/25/2018 12:00:00 AM,27.35744,SDGE
6/25/2018 12:00:00 AM,26.25718,VEA
6/25/2018 1:00:00 AM,23.27983,PGAE
6/25/2018 1:00:00 AM,22.75043,SCE
6/25/2018 1:00:00 AM,23.26832,SDGE
6/25/2018 1:00:00 AM,22.42128,VEA
6/25/2018 2:00:00 AM,21.77339,PGAE
6/25/2018 2:00:00 AM,21.30375,SCE
6/25/2018 2:00:00 AM,21.77124,SDGE
6/25/2018 2:00:00 AM,20.99569,VEA
6/25/2018 3:00:00 AM,21.06895,PGAE
6/25/2018 3:00:00 AM,20.63714,SCE
6/25/2018 3:00:00 AM,21.10441,SDGE
6/25/2018 3:00:00 AM,20.37639,VEA
6/25/2018 4:00:00 AM,22.89506,PGAE
6/25/2018 4:00:00 AM,22.51578,SCE
6/25/2018 4:00:00 AM,23.04041,SDGE
6/25/2018 4:00:00 AM,22.20691,VEA
6/25/2018 5:00:00 AM,27.30999,PGAE
6/25/2018 5:00:00 AM,26.80380,SCE
6/25/2018 5:00:00 AM,27.45887,SDGE
6/25/2018 5:00:00 AM,26.34362,VEA
6/25/2018 6:00:00 AM,28.21668,PGAE
6/25/2018 6:00:00 AM,27.70696,SCE
6/25/2018 6:00:00 AM,42.22560,SDGE
6/25/2018 6:00:00 AM,26.99153,VEA
6/25/2018 7:00:00 AM,23.74239,PGAE
6/25/2018 7:00:00 AM,23.00285,SCE
6/25/2018 7:00:00 AM,33.95891,SDGE
6/25/2018 7:00:00 AM,22.01159,VEA
6/25/2018 8:00:00 AM,16.03409,PGAE
6/25/2018 8:00:00 AM,15.63024,SCE
6/25/2018 8:00:00 AM,27.39507,SDGE
6/25/2018 8:00:00 AM,14.69731,VEA
6/25/2018 9:00:00 AM,16.32149,PGAE
6/25/2018 9:00:00 AM,15.86636,SCE
6/25/2018 9:00:00 AM,29.03879,SDGE
6/25/2018 9:00:00 AM,14.83899,VEA
6/25/2018 10:00:00 AM,20.19095,PGAE
6/25/2018 10:00:00 AM,19.51393,SCE
6/25/2018 10:00:00 AM,31.84541,SDGE
6/25/2018 10:00:00 AM,18.56333,VEA
6/25/2018 11:00:00 AM,23.45404,PGAE
6/25/2018 11:00:00 AM,23.70713,SCE
6/25/2018 11:00:00 AM,33.75849,SDGE
6/25/2018 11:00:00 AM,21.49571,VEA
6/25/2018 12:00:00 PM,25.42738,PGAE
6/25/2018 12:00:00 PM,26.30097,SCE
6/25/2018 12:00:00 PM,34.57002,SDGE
6/25/2018 12:00:00 PM,23.34816,VEA
6/25/2018 1:00:00 PM,27.53766,PGAE
6/25/2018 1:00:00 PM,26.96198,SCE
6/25/2018 1:00:00 PM,36.37350,SDGE
6/25/2018 1:00:00 PM,25.67756,VEA
6/25/2018 2:00:00 PM,27.86050,PGAE
6/25/2018 2:00:00 PM,34.92849,SCE
6/25/2018 2:00:00 PM,37.62210,SDGE
6/25/2018 2:00:00 PM,24.88734,VEA
6/25/2018 3:00:00 PM,30.91794,PGAE
6/25/2018 3:00:00 PM,36.46216,SCE
6/25/2018 3:00:00 PM,41.69121,SDGE
6/25/2018 3:00:00 PM,27.65474,VEA
6/25/2018 4:00:00 PM,34.39641,PGAE
6/25/2018 4:00:00 PM,44.56289,SCE
6/25/2018 4:00:00 PM,43.94338,SDGE
6/25/2018 4:00:00 PM,28.75859,VEA
6/25/2018 5:00:00 PM,35.85839,PGAE
6/25/2018 5:00:00 PM,40.72000,SCE
6/25/2018 5:00:00 PM,44.99707,SDGE
6/25/2018 5:00:00 PM,32.21863,VEA
6/25/2018 6:00:00 PM,44.13299,PGAE
6/25/2018 6:00:00 PM,42.77663,SCE
6/25/2018 6:00:00 PM,42.87857,SDGE
6/25/2018 6:00:00 PM,40.53701,VEA
6/25/2018 7:00:00 PM,55.64246,PGAE
6/25/2018 7:00:00 PM,54.65456,SCE
6/25/2018 7:00:00 PM,55.85770,SDGE
6/25/2018 7:00:00 PM,53.57284,VEA
6/25/2018 8:00:00 PM,47.74002,PGAE
6/25/2018 8:00:00 PM,46.79402,SCE
6/25/2018 8:00:00 PM,47.89138,SDGE
6/25/2018 8:00:00 PM,45.67774,VEA
6/25/2018 9:00:00 PM,39.16908,PGAE
6/25/2018 9:00:00 PM,38.40448,SCE
6/25/2018 9:00:00 PM,39.25446,SDGE
6/25/2018 9:00:00 PM,37.28670,VEA
6/25/2018 10:00:00 PM,34.53448,PGAE
6/25/2018 10:00:00 PM,33.73286,SCE
6/25/2018 10:00:00 PM,34.19337,SDGE
6/25/2018 10:00:00 PM,32.83573,VEA
6/25/2018 11:00:00 PM,29.67124,PGAE
6/25/2018 11:00:00 PM,28.55453,SCE
6/25/2018 11:00:00 PM,28.92968,SDGE
6/25/2018 11:00:00 PM,27.86822,VEA
6/26/2018 12:00:00 AM,31.23963,PGAE
6/26/2018 12:00:00 AM,30.74092,SCE
6/26/2018 12:00:00 AM,31.24583,SDGE
6/26/2018 12:00:00 AM,30.10280,VEA
6/26/2018 1:00:00 AM,28.11104,PGAE
6/26/2018 1:00:00 AM,27.57938,SCE
6/26/2018 1:00:00 AM,28.08599,SDGE
6/26/2018 1:00:00 AM,27.10896,VEA
6/26/2018 2:00:00 AM,24.57248,PGAE
6/26/2018 2:00:00 AM,24.07403,SCE
6/26/2018 2:00:00 AM,24.54331,SDGE
6/26/2018 2:00:00 AM,23.69229,VEA
6/26/2018 3:00:00 AM,23.89709,PGAE
6/26/2018 3:00:00 AM,23.39121,SCE
6/26/2018 3:00:00 AM,23.87109,SDGE
6/26/2018 3:00:00 AM,23.01298,VEA
6/26/2018 4:00:00 AM,24.79907,PGAE
6/26/2018 4:00:00 AM,24.35679,SCE
6/26/2018 4:00:00 AM,24.83592,SDGE
6/26/2018 4:00:00 AM,23.88258,VEA
6/26/2018 5:00:00 AM,29.91338,PGAE
6/26/2018 5:00:00 AM,29.29475,SCE
6/26/2018 5:00:00 AM,29.88970,SDGE
6/26/2018 5:00:00 AM,28.73532,VEA
6/26/2018 6:00:00 AM,31.61972,PGAE
6/26/2018 6:00:00 AM,31.06378,SCE
6/26/2018 6:00:00 AM,33.17610,SDGE
6/26/2018 6:00:00 AM,30.09308,VEA
6/26/2018 7:00:00 AM,25.92784,PGAE
6/26/2018 7:00:00 AM,25.35070,SCE
6/26/2018 7:00:00 AM,30.25663,SDGE
6/26/2018 7:00:00 AM,23.87907,VEA
6/26/2018 8:00:00 AM,21.51048,PGAE
6/26/2018 8:00:00 AM,20.83247,SCE
6/26/2018 8:00:00 AM,24.47977,SDGE
6/26/2018 8:00:00 AM,19.66127,VEA
6/26/2018 9:00:00 AM,25.27369,PGAE
6/26/2018 9:00:00 AM,24.31778,SCE
6/26/2018 9:00:00 AM,28.51000,SDGE
6/26/2018 9:00:00 AM,22.68836,VEA
6/26/2018 10:00:00 AM,25.41621,PGAE
6/26/2018 10:00:00 AM,24.22592,SCE
6/26/2018 10:00:00 AM,24.42002,SDGE
6/26/2018 10:00:00 AM,23.27577,VEA
6/26/2018 11:00:00 AM,28.36440,PGAE
6/26/2018 11:00:00 AM,27.34316,SCE
6/26/2018 11:00:00 AM,27.50689,SDGE
6/26/2018 11:00:00 AM,26.20814,VEA
6/26/2018 12:00:00 PM,28.48727,PGAE
6/26/2018 12:00:00 PM,28.45568,SCE
6/26/2018 12:00:00 PM,29.48104,SDGE
6/26/2018 12:00:00 PM,26.41617,VEA
6/26/2018 1:00:00 PM,29.26480,PGAE
6/26/2018 1:00:00 PM,34.64780,SCE
6/26/2018 1:00:00 PM,32.15617,SDGE
6/26/2018 1:00:00 PM,26.86155,VEA
6/26/2018 2:00:00 PM,29.61524,PGAE
6/26/2018 2:00:00 PM,36.72692,SCE
6/26/2018 2:00:00 PM,35.61309,SDGE
6/26/2018 2:00:00 PM,26.79898,VEA
6/26/2018 3:00:00 PM,30.59571,PGAE
6/26/2018 3:00:00 PM,42.94500,SCE
6/26/2018 3:00:00 PM,43.76471,SDGE
6/26/2018 3:00:00 PM,29.98859,VEA
6/26/2018 4:00:00 PM,34.05636,PGAE
6/26/2018 4:00:00 PM,44.61843,SCE
6/26/2018 4:00:00 PM,51.74800,SDGE
6/26/2018 4:00:00 PM,34.90314,VEA
6/26/2018 5:00:00 PM,33.88834,PGAE
6/26/2018 5:00:00 PM,46.54018,SCE
6/26/2018 5:00:00 PM,50.99974,SDGE
6/26/2018 5:00:00 PM,35.05874,VEA
6/26/2018 6:00:00 PM,44.42461,PGAE
6/26/2018 6:00:00 PM,45.20495,SCE
6/26/2018 6:00:00 PM,48.49493,SDGE
6/26/2018 6:00:00 PM,43.59536,VEA
6/26/2018 7:00:00 PM,60.99238,PGAE
6/26/2018 7:00:00 PM,61.92778,SCE
6/26/2018 7:00:00 PM,62.85089,SDGE
6/26/2018 7:00:00 PM,60.38313,VEA
6/26/2018 8:00:00 PM,51.14999,PGAE
6/26/2018 8:00:00 PM,51.83584,SCE
6/26/2018 8:00:00 PM,52.72796,SDGE
6/26/2018 8:00:00 PM,50.25271,VEA
6/26/2018 9:00:00 PM,41.72913,PGAE
6/26/2018 9:00:00 PM,42.46465,SCE
6/26/2018 9:00:00 PM,47.58209,SDGE
6/26/2018 9:00:00 PM,40.35815,VEA
6/26/2018 10:00:00 PM,31.64511,PGAE
6/26/2018 10:00:00 PM,31.93459,SCE
6/26/2018 10:00:00 PM,32.37039,SDGE
6/26/2018 10:00:00 PM,30.89120,VEA
6/26/2018 11:00:00 PM,29.97063,PGAE
6/26/2018 11:00:00 PM,29.77633,SCE
6/26/2018 11:00:00 PM,30.22472,SDGE
6/26/2018 11:00:00 PM,29.02602,VEA
6/27/2018 12:00:00 AM,30.79838,PGAE
6/27/2018 12:00:00 AM,30.52548,SCE
6/27/2018 12:00:00 AM,31.06822,SDGE
6/27/2018 12:00:00 AM,29.82942,VEA
6/27/2018 1:00:00 AM,27.33358,PGAE
6/27/2018 1:00:00 AM,26.91323,SCE
6/27/2018 1:00:00 AM,27.43393,SDGE
6/27/2018 1:00:00 AM,26.37898,VEA
6/27/2018 2:00:00 AM,25.41634,PGAE
6/27/2018 2:00:00 AM,25.05040,SCE
6/27/2018 2:00:00 AM,25.55514,SDGE
6/27/2018 2:00:00 AM,24.57846,VEA
6/27/2018 3:00:00 AM,24.01013,PGAE
6/27/2018 3:00:00 AM,23.69989,SCE
6/27/2018 3:00:00 AM,24.22491,SDGE
6/27/2018 3:00:00 AM,23.26556,VEA
6/27/2018 4:00:00 AM,23.89415,PGAE
6/27/2018 4:00:00 AM,23.66072,SCE
6/27/2018 4:00:00 AM,24.41737,SDGE
6/27/2018 4:00:00 AM,23.15313,VEA
6/27/2018 5:00:00 AM,29.43317,PGAE
6/27/2018 5:00:00 AM,29.09361,SCE
6/27/2018 5:00:00 AM,29.73174,SDGE
6/27/2018 5:00:00 AM,28.44377,VEA
6/27/2018 6:00:00 AM,30.84936,PGAE
6/27/2018 6:00:00 AM,30.84398,SCE
6/27/2018 6:00:00 AM,33.58502,SDGE
6/27/2018 6:00:00 AM,29.79248,VEA
6/27/2018 7:00:00 AM,27.85997,PGAE
6/27/2018 7:00:00 AM,27.38637,SCE
6/27/2018 7:00:00 AM,29.19836,SDGE
6/27/2018 7:00:00 AM,26.45031,VEA
6/27/2018 8:00:00 AM,23.60616,PGAE
6/27/2018 8:00:00 AM,23.16194,SCE
6/27/2018 8:00:00 AM,27.18181,SDGE
6/27/2018 8:00:00 AM,21.90131,VEA
6/27/2018 9:00:00 AM,26.02276,PGAE
6/27/2018 9:00:00 AM,25.62195,SCE
6/27/2018 9:00:00 AM,27.67334,SDGE
6/27/2018 9:00:00 AM,24.43679,VEA
6/27/2018 10:00:00 AM,25.55720,PGAE
6/27/2018 10:00:00 AM,25.08911,SCE
6/27/2018 10:00:00 AM,26.06509,SDGE
6/27/2018 10:00:00 AM,24.11489,VEA
6/27/2018 11:00:00 AM,27.75738,PGAE
6/27/2018 11:00:00 AM,27.45396,SCE
6/27/2018 11:00:00 AM,27.87323,SDGE
6/27/2018 11:00:00 AM,26.37544,VEA
6/27/2018 12:00:00 PM,27.91619,PGAE
6/27/2018 12:00:00 PM,27.65820,SCE
6/27/2018 12:00:00 PM,27.67207,SDGE
6/27/2018 12:00:00 PM,26.64009,VEA
6/27/2018 1:00:00 PM,28.77057,PGAE
6/27/2018 1:00:00 PM,30.76441,SCE
6/27/2018 1:00:00 PM,29.90098,SDGE
6/27/2018 1:00:00 PM,27.45711,VEA
6/27/2018 2:00:00 PM,28.86010,PGAE
6/27/2018 2:00:00 PM,36.62136,SCE
6/27/2018 2:00:00 PM,35.60224,SDGE
6/27/2018 2:00:00 PM,29.49450,VEA
6/27/2018 3:00:00 PM,30.32784,PGAE
6/27/2018 3:00:00 PM,38.80912,SCE
6/27/2018 3:00:00 PM,38.75595,SDGE
6/27/2018 3:00:00 PM,31.32552,VEA
6/27/2018 4:00:00 PM,32.28681,PGAE
6/27/2018 4:00:00 PM,40.63534,SCE
6/27/2018 4:00:00 PM,41.17906,SDGE
6/27/2018 4:00:00 PM,33.19483,VEA
6/27/2018 5:00:00 PM,33.56457,PGAE
6/27/2018 5:00:00 PM,43.11391,SCE
6/27/2018 5:00:00 PM,42.03204,SDGE
6/27/2018 5:00:00 PM,35.75502,VEA
6/27/2018 6:00:00 PM,46.78197,PGAE
6/27/2018 6:00:00 PM,47.95235,SCE
6/27/2018 6:00:00 PM,48.03067,SDGE
6/27/2018 6:00:00 PM,45.39146,VEA
6/27/2018 7:00:00 PM,67.06468,PGAE
6/27/2018 7:00:00 PM,66.91618,SCE
6/27/2018 7:00:00 PM,65.32890,SDGE
6/27/2018 7:00:00 PM,61.97918,VEA
6/27/2018 8:00:00 PM,52.12694,PGAE
6/27/2018 8:00:00 PM,51.91257,SCE
6/27/2018 8:00:00 PM,51.29609,SDGE
6/27/2018 8:00:00 PM,48.84733,VEA
6/27/2018 9:00:00 PM,42.73517,PGAE
6/27/2018 9:00:00 PM,42.81748,SCE
6/27/2018 9:00:00 PM,42.58548,SDGE
6/27/2018 9:00:00 PM,40.38679,VEA
6/27/2018 10:00:00 PM,33.15747,PGAE
6/27/2018 10:00:00 PM,33.72153,SCE
6/27/2018 10:00:00 PM,34.06555,SDGE
6/27/2018 10:00:00 PM,32.38572,VEA
6/27/2018 11:00:00 PM,30.41473,PGAE
6/27/2018 11:00:00 PM,30.47261,SCE
6/27/2018 11:00:00 PM,30.92647,SDGE
6/27/2018 11:00:00 PM,29.72328,VEA
6/28/2018 12:00:00 AM,26.90730,PGAE
6/28/2018 12:00:00 AM,26.68202,SCE
6/28/2018 12:00:00 AM,27.18354,SDGE
6/28/2018 12:00:00 AM,26.10006,VEA
6/28/2018 1:00:00 AM,23.28060,PGAE
6/28/2018 1:00:00 AM,22.97266,SCE
6/28/2018 1:00:00 AM,23.44267,SDGE
6/28/2018 1:00:00 AM,22.55358,VEA
6/28/2018 2:00:00 AM,20.88000,PGAE
6/28/2018 2:00:00 AM,20.56260,SCE
6/28/2018 2:00:00 AM,21.01484,SDGE
6/28/2018 2:00:00 AM,20.22860,VEA
6/28/2018 3:00:00 AM,21.34670,PGAE
6/28/2018 3:00:00 AM,21.03278,SCE
6/28/2018 3:00:00 AM,21.47821,SDGE
6/28/2018 3:00:00 AM,20.67432,VEA
6/28/2018 4:00:00 AM,22.60763,PGAE
6/28/2018 4:00:00 AM,22.28408,SCE
6/28/2018 4:00:00 AM,22.76041,SDGE
6/28/2018 4:00:00 AM,21.86842,VEA
6/28/2018 5:00:00 AM,27.07222,PGAE
6/28/2018 5:00:00 AM,26.67395,SCE
6/28/2018 5:00:00 AM,27.29827,SDGE
6/28/2018 5:00:00 AM,26.15457,VEA
6/28/2018 6:00:00 AM,30.08249,PGAE
6/28/2018 6:00:00 AM,29.83338,SCE
6/28/2018 6:00:00 AM,30.64074,SDGE
6/28/2018 6:00:00 AM,29.21810,VEA
6/28/2018 7:00:00 AM,23.68223,PGAE
6/28/2018 7:00:00 AM,23.00713,SCE
6/28/2018 7:00:00 AM,23.56309,SDGE
6/28/2018 7:00:00 AM,22.46284,VEA
6/28/2018 8:00:00 AM,19.11802,PGAE
6/28/2018 8:00:00 AM,18.57619,SCE
6/28/2018 8:00:00 AM,21.07790,SDGE
6/28/2018 8:00:00 AM,17.74102,VEA
6/28/2018 9:00:00 AM,19.71000,PGAE
6/28/2018 9:00:00 AM,19.12988,SCE
6/28/2018 9:00:00 AM,21.19903,SDGE
6/28/2018 9:00:00 AM,18.17653,VEA
6/28/2018 10:00:00 AM,19.83226,PGAE
6/28/2018 10:00:00 AM,19.09543,SCE
6/28/2018 10:00:00 AM,19.52314,SDGE
6/28/2018 10:00:00 AM,18.47913,VEA
6/28/2018 11:00:00 AM,21.46095,PGAE
6/28/2018 11:00:00 AM,20.75683,SCE
6/28/2018 11:00:00 AM,21.17845,SDGE
6/28/2018 11:00:00 AM,20.01897,VEA
6/28/2018 12:00:00 PM,22.21185,PGAE
6/28/2018 12:00:00 PM,21.96742,SCE
6/28/2018 12:00:00 PM,25.03120,SDGE
6/28/2018 12:00:00 PM,20.69632,VEA
6/28/2018 1:00:00 PM,24.26000,PGAE
6/28/2018 1:00:00 PM,23.98658,SCE
6/28/2018 1:00:00 PM,24.95402,SDGE
6/28/2018 1:00:00 PM,22.83034,VEA
6/28/2018 2:00:00 PM,25.36592,PGAE
6/28/2018 2:00:00 PM,25.51146,SCE
6/28/2018 2:00:00 PM,27.18487,SDGE
6/28/2018 2:00:00 PM,23.94568,VEA
6/28/2018 3:00:00 PM,26.44128,PGAE
6/28/2018 3:00:00 PM,35.65637,SCE
6/28/2018 3:00:00 PM,33.14067,SDGE
6/28/2018 3:00:00 PM,26.32195,VEA
6/28/2018 4:00:00 PM,28.27441,PGAE
6/28/2018 4:00:00 PM,35.85022,SCE
6/28/2018 4:00:00 PM,35.77872,SDGE
6/28/2018 4:00:00 PM,28.34060,VEA
6/28/2018 5:00:00 PM,30.07816,PGAE
6/28/2018 5:00:00 PM,42.13874,SCE
6/28/2018 5:00:00 PM,46.19426,SDGE
6/28/2018 5:00:00 PM,29.53174,VEA
6/28/2018 6:00:00 PM,38.63996,PGAE
6/28/2018 6:00:00 PM,42.44564,SCE
6/28/2018 6:00:00 PM,48.45890,SDGE
6/28/2018 6:00:00 PM,37.82064,VEA
6/28/2018 7:00:00 PM,59.04127,PGAE
6/28/2018 7:00:00 PM,60.07580,SCE
6/28/2018 7:00:00 PM,75.29449,SDGE
6/28/2018 7:00:00 PM,54.53922,VEA
6/28/2018 8:00:00 PM,51.42000,PGAE
6/28/2018 8:00:00 PM,50.68779,SCE
6/28/2018 8:00:00 PM,50.77346,SDGE
6/28/2018 8:00:00 PM,47.43008,VEA
6/28/2018 9:00:00 PM,38.15912,PGAE
6/28/2018 9:00:00 PM,38.03308,SCE
6/28/2018 9:00:00 PM,38.69797,SDGE
6/28/2018 9:00:00 PM,36.51627,VEA
6/28/2018 10:00:00 PM,30.17620,PGAE
6/28/2018 10:00:00 PM,30.03971,SCE
6/28/2018 10:00:00 PM,30.51000,SDGE
6/28/2018 10:00:00 PM,29.13209,VEA
6/28/2018 11:00:00 PM,27.04786,PGAE
6/28/2018 11:00:00 PM,26.45143,SCE
6/28/2018 11:00:00 PM,26.89006,SDGE
6/28/2018 11:00:00 PM,25.87105,VEA
6/29/2018 12:00:00 AM,27.78407,PGAE
6/29/2018 12:00:00 AM,27.72576,SCE
6/29/2018 12:00:00 AM,28.20331,SDGE
6/29/2018 12:00:00 AM,27.12327,VEA
6/29/2018 1:00:00 AM,24.64947,PGAE
6/29/2018 1:00:00 AM,24.62728,SCE
6/29/2018 1:00:00 AM,25.14009,SDGE
6/29/2018 1:00:00 AM,24.16624,VEA
6/29/2018 2:00:00 AM,22.72268,PGAE
6/29/2018 2:00:00 AM,22.63872,SCE
6/29/2018 2:00:00 AM,23.07212,SDGE
6/29/2018 2:00:00 AM,22.23255,VEA
6/29/2018 3:00:00 AM,22.36050,PGAE
6/29/2018 3:00:00 AM,22.35603,SCE
6/29/2018 3:00:00 AM,22.77885,SDGE
6/29/2018 3:00:00 AM,21.94215,VEA
6/29/2018 4:00:00 AM,24.16554,PGAE
6/29/2018 4:00:00 AM,24.18247,SCE
6/29/2018 4:00:00 AM,24.67105,SDGE
6/29/2018 4:00:00 AM,23.69147,VEA
6/29/2018 5:00:00 AM,39.78745,PGAE
6/29/2018 5:00:00 AM,39.03595,SCE
6/29/2018 5:00:00 AM,37.50191,SDGE
6/29/2018 5:00:00 AM,35.10009,VEA
6/29/2018 6:00:00 AM,39.42628,PGAE
6/29/2018 6:00:00 AM,38.93837,SCE
6/29/2018 6:00:00 AM,37.68272,SDGE
6/29/2018 6:00:00 AM,35.17702,VEA
6/29/2018 7:00:00 AM,29.33366,PGAE
6/29/2018 7:00:00 AM,28.88000,SCE
6/29/2018 7:00:00 AM,32.08669,SDGE
6/29/2018 7:00:00 AM,25.80351,VEA
6/29/2018 8:00:00 AM,21.23244,PGAE
6/29/2018 8:00:00 AM,22.15982,SCE
6/29/2018 8:00:00 AM,21.51000,SDGE
6/29/2018 8:00:00 AM,19.18195,VEA
6/29/2018 9:00:00 AM,23.07429,PGAE
6/29/2018 9:00:00 AM,22.70731,SCE
6/29/2018 9:00:00 AM,24.10060,SDGE
6/29/2018 9:00:00 AM,20.64632,VEA
6/29/2018 10:00:00 AM,24.33126,PGAE
6/29/2018 10:00:00 AM,23.64927,SCE
6/29/2018 10:00:00 AM,23.74216,SDGE
6/29/2018 10:00:00 AM,21.67452,VEA
6/29/2018 11:00:00 AM,27.86806,PGAE
6/29/2018 11:00:00 AM,26.66500,SCE
6/29/2018 11:00:00 AM,25.54363,SDGE
6/29/2018 11:00:00 AM,23.86089,VEA
6/29/2018 12:00:00 PM,29.41114,PGAE
6/29/2018 12:00:00 PM,27.94140,SCE
6/29/2018 12:00:00 PM,26.23331,SDGE
6/29/2018 12:00:00 PM,24.63744,VEA
6/29/2018 1:00:00 PM,33.95130,PGAE
6/29/2018 1:00:00 PM,32.52212,SCE
6/29/2018 1:00:00 PM,30.69058,SDGE
6/29/2018 1:00:00 PM,28.77871,VEA
6/29/2018 2:00:00 PM,33.64894,PGAE
6/29/2018 2:00:00 PM,31.67796,SCE
6/29/2018 2:00:00 PM,29.26266,SDGE
6/29/2018 2:00:00 PM,27.13899,VEA
6/29/2018 3:00:00 PM,35.43376,PGAE
6/29/2018 3:00:00 PM,33.73110,SCE
6/29/2018 3:00:00 PM,31.02971,SDGE
6/29/2018 3:00:00 PM,28.87677,VEA
6/29/2018 4:00:00 PM,39.53000,PGAE
6/29/2018 4:00:00 PM,37.67151,SCE
6/29/2018 4:00:00 PM,34.60934,SDGE
6/29/2018 4:00:00 PM,32.16657,VEA
6/29/2018 5:00:00 PM,45.24500,PGAE
6/29/2018 5:00:00 PM,42.88234,SCE
6/29/2018 5:00:00 PM,39.39353,SDGE
6/29/2018 5:00:00 PM,36.60637,VEA
6/29/2018 6:00:00 PM,53.28158,PGAE
6/29/2018 6:00:00 PM,50.75593,SCE
6/29/2018 6:00:00 PM,47.12658,SDGE
6/29/2018 6:00:00 PM,43.90103,VEA
6/29/2018 7:00:00 PM,68.01629,PGAE
6/29/2018 7:00:00 PM,64.57516,SCE
6/29/2018 7:00:00 PM,59.65085,SDGE
6/29/2018 7:00:00 PM,56.01148,VEA
6/29/2018 8:00:00 PM,59.38831,PGAE
6/29/2018 8:00:00 PM,56.26891,SCE
6/29/2018 8:00:00 PM,52.29029,SDGE
6/29/2018 8:00:00 PM,48.83412,VEA
6/29/2018 9:00:00 PM,51.43010,PGAE
6/29/2018 9:00:00 PM,49.54554,SCE
6/29/2018 9:00:00 PM,45.99050,SDGE
6/29/2018 9:00:00 PM,43.04695,VEA
6/29/2018 10:00:00 PM,43.73383,PGAE
6/29/2018 10:00:00 PM,42.66614,SCE
6/29/2018 10:00:00 PM,40.12782,SDGE
6/29/2018 10:00:00 PM,37.52295,VEA
6/29/2018 11:00:00 PM,38.96852,PGAE
6/29/2018 11:00:00 PM,37.55586,SCE
6/29/2018 11:00:00 PM,35.42806,SDGE
6/29/2018 11:00:00 PM,33.26246,VEA
6/30/2018 12:00:00 AM,29.31000,PGAE
6/30/2018 12:00:00 AM,29.06196,SCE
6/30/2018 12:00:00 AM,29.16961,SDGE
6/30/2018 12:00:00 AM,28.24766,VEA
6/30/2018 1:00:00 AM,28.77099,PGAE
6/30/2018 1:00:00 AM,28.24884,SCE
6/30/2018 1:00:00 AM,28.06879,SDGE
6/30/2018 1:00:00 AM,27.12875,VEA
6/30/2018 2:00:00 AM,27.74887,PGAE
6/30/2018 2:00:00 AM,27.81002,SCE
6/30/2018 2:00:00 AM,28.29368,SDGE
6/30/2018 2:00:00 AM,27.28746,VEA
6/30/2018 3:00:00 AM,26.80789,PGAE
6/30/2018 3:00:00 AM,26.98551,SCE
6/30/2018 3:00:00 AM,27.43227,SDGE
6/30/2018 3:00:00 AM,26.45533,VEA
6/30/2018 4:00:00 AM,27.86004,PGAE
6/30/2018 4:00:00 AM,28.21365,SCE
6/30/2018 4:00:00 AM,28.70198,SDGE
6/30/2018 4:00:00 AM,27.66920,VEA
6/30/2018 5:00:00 AM,40.06084,PGAE
6/30/2018 5:00:00 AM,39.25092,SCE
6/30/2018 5:00:00 AM,37.42526,SDGE
6/30/2018 5:00:00 AM,35.13948,VEA
6/30/2018 6:00:00 AM,29.18597,PGAE
6/30/2018 6:00:00 AM,28.53055,SCE
6/30/2018 6:00:00 AM,27.25681,SDGE
6/30/2018 6:00:00 AM,25.48244,VEA
6/30/2018 7:00:00 AM,22.06790,PGAE
6/30/2018 7:00:00 AM,21.01262,SCE
6/30/2018 7:00:00 AM,19.98716,SDGE
6/30/2018 7:00:00 AM,18.65984,VEA
6/30/2018 8:00:00 AM,15.73921,PGAE
6/30/2018 8:00:00 AM,15.31302,SCE
6/30/2018 8:00:00 AM,15.00977,SDGE
6/30/2018 8:00:00 AM,14.18667,VEA
6/30/2018 9:00:00 AM,21.51099,PGAE
6/30/2018 9:00:00 AM,20.29762,SCE
6/30/2018 9:00:00 AM,19.26267,SDGE
6/30/2018 9:00:00 AM,17.97613,VEA
6/30/2018 10:00:00 AM,23.93238,PGAE
6/30/2018 10:00:00 AM,22.40670,SCE
6/30/2018 10:00:00 AM,21.12448,SDGE
6/30/2018 10:00:00 AM,19.62196,VEA
6/30/2018 11:00:00 AM,27.99943,PGAE
6/30/2018 11:00:00 AM,25.68192,SCE
6/30/2018 11:00:00 AM,23.65720,SDGE
6/30/2018 11:00:00 AM,21.87620,VEA
6/30/2018 12:00:00 PM,32.80827,PGAE
6/30/2018 12:00:00 PM,30.14361,SCE
6/30/2018 12:00:00 PM,27.44304,SDGE
6/30/2018 12:00:00 PM,25.46694,VEA
6/30/2018 1:00:00 PM,34.49383,PGAE
6/30/2018 1:00:00 PM,32.15384,SCE
6/30/2018 1:00:00 PM,29.23442,SDGE
6/30/2018 1:00:00 PM,26.90372,VEA
6/30/2018 2:00:00 PM,35.04723,PGAE
6/30/2018 2:00:00 PM,32.59755,SCE
6/30/2018 2:00:00 PM,29.66394,SDGE
6/30/2018 2:00:00 PM,27.36048,VEA
6/30/2018 3:00:00 PM,41.87975,PGAE
6/30/2018 3:00:00 PM,38.91359,SCE
6/30/2018 3:00:00 PM,35.31994,SDGE
6/30/2018 3:00:00 PM,32.61149,VEA
6/30/2018 4:00:00 PM,42.89055,PGAE
6/30/2018 4:00:00 PM,39.12830,SCE
6/30/2018 4:00:00 PM,36.85798,SDGE
6/30/2018 4:00:00 PM,34.12961,VEA
6/30/2018 5:00:00 PM,44.46574,PGAE
6/30/2018 5:00:00 PM,42.69747,SCE
6/30/2018 5:00:00 PM,40.55221,SDGE
6/30/2018 5:00:00 PM,37.53212,VEA
6/30/2018 6:00:00 PM,51.63682,PGAE
6/30/2018 6:00:00 PM,50.15086,SCE
6/30/2018 6:00:00 PM,48.19261,SDGE
6/30/2018 6:00:00 PM,44.43253,VEA
6/30/2018 7:00:00 PM,64.53172,PGAE
6/30/2018 7:00:00 PM,62.75121,SCE
6/30/2018 7:00:00 PM,60.90292,SDGE
6/30/2018 7:00:00 PM,56.53513,VEA
6/30/2018 8:00:00 PM,52.77651,PGAE
6/30/2018 8:00:00 PM,53.22228,SCE
6/30/2018 8:00:00 PM,49.57935,SDGE
6/30/2018 8:00:00 PM,45.72167,VEA
6/30/2018 9:00:00 PM,45.73536,PGAE
6/30/2018 9:00:00 PM,46.17693,SCE
6/30/2018 9:00:00 PM,43.00847,SDGE
6/30/2018 9:00:00 PM,39.63037,VEA
6/30/2018 10:00:00 PM,41.52522,PGAE
6/30/2018 10:00:00 PM,39.69251,SCE
6/30/2018 10:00:00 PM,36.84079,SDGE
6/30/2018 10:00:00 PM,34.18939,VEA
6/30/2018 11:00:00 PM,36.64780,PGAE
6/30/2018 11:00:00 PM,35.10056,SCE
6/30/2018 11:00:00 PM,32.82420,SDGE
6/30/2018 11:00:00 PM,30.66966,VEA
7/1/2018 12:00:00 AM,32.01323,PGAE
7/1/2018 12:00:00 AM,31.63834,SCE
7/1/2018 12:00:00 AM,30.58717,SDGE
7/1/2018 12:00:00 AM,29.38493,VEA
7/1/2018 1:00:00 AM,30.43693,PGAE
7/1/2018 1:00:00 AM,30.29698,SCE
7/1/2018 1:00:00 AM,29.60845,SDGE
7/1/2018 1:00:00 AM,28.58391,VEA
7/1/2018 2:00:00 AM,29.25268,PGAE
7/1/2018 2:00:00 AM,29.55862,SCE
7/1/2018 2:00:00 AM,29.43009,SDGE
7/1/2018 2:00:00 AM,28.27849,VEA
7/1/2018 3:00:00 AM,28.72534,PGAE
7/1/2018 3:00:00 AM,29.20810,SCE
7/1/2018 3:00:00 AM,29.21220,SDGE
7/1/2018 3:00:00 AM,28.10391,VEA
7/1/2018 4:00:00 AM,28.96820,PGAE
7/1/2018 4:00:00 AM,29.41331,SCE
7/1/2018 4:00:00 AM,29.38363,SDGE
7/1/2018 4:00:00 AM,28.34870,VEA
7/1/2018 5:00:00 AM,30.54676,PGAE
7/1/2018 5:00:00 AM,30.91641,SCE
7/1/2018 5:00:00 AM,30.84533,SDGE
7/1/2018 5:00:00 AM,29.67355,VEA
7/1/2018 6:00:00 AM,26.33391,PGAE
7/1/2018 6:00:00 AM,26.82576,SCE
7/1/2018 6:00:00 AM,27.16341,SDGE
7/1/2018 6:00:00 AM,26.25946,VEA
7/1/2018 7:00:00 AM,16.38325,PGAE
7/1/2018 7:00:00 AM,16.21218,SCE
7/1/2018 7:00:00 AM,16.38488,SDGE
7/1/2018 7:00:00 AM,15.84724,VEA
7/1/2018 8:00:00 AM,11.13000,PGAE
7/1/2018 8:00:00 AM,10.99771,SCE
7/1/2018 8:00:00 AM,12.77957,SDGE
7/1/2018 8:00:00 AM,10.44783,VEA
7/1/2018 9:00:00 AM,12.94000,PGAE
7/1/2018 9:00:00 AM,12.49191,SCE
7/1/2018 9:00:00 AM,12.57061,SDGE
7/1/2018 9:00:00 AM,12.16060,VEA
7/1/2018 10:00:00 AM,15.62599,PGAE
7/1/2018 10:00:00 AM,15.03841,SCE
7/1/2018 10:00:00 AM,15.09350,SDGE
7/1/2018 10:00:00 AM,14.59008,VEA
7/1/2018 11:00:00 AM,18.41613,PGAE
7/1/2018 11:00:00 AM,17.73799,SCE
7/1/2018 11:00:00 AM,17.71996,SDGE
7/1/2018 11:00:00 AM,17.21677,VEA
7/1/2018 12:00:00 PM,21.19753,PGAE
7/1/2018 12:00:00 PM,20.18146,SCE
7/1/2018 12:00:00 PM,19.60433,SDGE
7/1/2018 12:00:00 PM,19.03146,VEA
7/1/2018 1:00:00 PM,28.55640,PGAE
7/1/2018 1:00:00 PM,26.83141,SCE
7/1/2018 1:00:00 PM,25.37077,SDGE
7/1/2018 1:00:00 PM,24.26421,VEA
7/1/2018 2:00:00 PM,31.98786,PGAE
7/1/2018 2:00:00 PM,29.99036,SCE
7/1/2018 2:00:00 PM,28.10214,SDGE
7/1/2018 2:00:00 PM,26.72608,VEA
7/1/2018 3:00:00 PM,33.70819,PGAE
7/1/2018 3:00:00 PM,31.98788,SCE
7/1/2018 3:00:00 PM,30.02352,SDGE
7/1/2018 3:00:00 PM,28.49060,VEA
7/1/2018 4:00:00 PM,35.55203,PGAE
7/1/2018 4:00:00 PM,33.47630,SCE
7/1/2018 4:00:00 PM,31.36748,SDGE
7/1/2018 4:00:00 PM,29.68716,VEA
7/1/2018 5:00:00 PM,40.92254,PGAE
7/1/2018 5:00:00 PM,38.42130,SCE
7/1/2018 5:00:00 PM,35.65932,SDGE
7/1/2018 5:00:00 PM,33.51699,VEA
7/1/2018 6:00:00 PM,48.09119,PGAE
7/1/2018 6:00:00 PM,45.67506,SCE
7/1/2018 6:00:00 PM,42.52168,SDGE
7/1/2018 6:00:00 PM,39.65593,VEA
7/1/2018 7:00:00 PM,62.05034,PGAE
7/1/2018 7:00:00 PM,58.75433,SCE
7/1/2018 7:00:00 PM,54.83162,SDGE
7/1/2018 7:00:00 PM,51.26237,VEA
7/1/2018 8:00:00 PM,54.27877,PGAE
7/1/2018 8:00:00 PM,51.32663,SCE
7/1/2018 8:00:00 PM,47.96903,SDGE
7/1/2018 8:00:00 PM,44.73379,VEA
7/1/2018 9:00:00 PM,48.72591,PGAE
7/1/2018 9:00:00 PM,46.72764,SCE
7/1/2018 9:00:00 PM,44.18017,SDGE
7/1/2018 9:00:00 PM,41.36172,VEA
7/1/2018 10:00:00 PM,35.80349,PGAE
7/1/2018 10:00:00 PM,35.07878,SCE
7/1/2018 10:00:00 PM,33.93743,SDGE
7/1/2018 10:00:00 PM,32.40899,VEA
7/1/2018 11:00:00 PM,31.30049,PGAE
7/1/2018 11:00:00 PM,31.24999,SCE
7/1/2018 11:00:00 PM,30.87294,SDGE
7/1/2018 11:00:00 PM,29.82242,VEA
